BR_code,date_time,start_wt,end_wt,diff_wt
BR7-01111,2015-07-17 14:17,4916,4916,0
BR7-01111,2015-07-18 04:48,4869,4869,0
BR7-01111,2015-07-19 04:45,4783,4863,80
BR7-01111,2015-07-20 04:48,4775,4863,88
BR7-01111,2015-07-21 04:45,4770,4863,93
BR7-01111,2015-07-22 04:52,4767,4864,97
BR7-01111,2015-07-23 04:52,4739,4858,119
BR7-01111,2015-07-24 04:55,4713,4866,153
BR7-01111,2015-07-25 04:48,4738,4865,127
BR7-01111,2015-07-26 04:54,4705,4855,150
BR7-01111,2015-07-27 04:53,4698,4866,168
BR7-01111,2015-07-28 04:42,4704,4863,159
BR7-01111,2015-07-29 04:50,4653,4851,198
BR7-01111,2015-07-30 04:54,4628,4847,219
BR7-01111,2015-07-31 04:55,4612,4842,230
BR7-01111,2015-08-01 04:40,4569,4854,285
BR7-01111,2015-08-02 04:39,4556,4850,294
BR7-01111,2015-08-03 04:39,4481,4858,377
BR7-01111,2015-08-04 04:39,4441,4832,391
BR7-01111,2015-08-05 05:17,4430,4852,422
BR7-01111,2015-08-06 05:14,4511,4851,340
BR7-01111,2015-08-07 04:39,4478,4820,342
BR7-01111,2015-08-08 04:39,4395,4845,450
BR7-01111,2015-08-09 04:39,4465,4857,392
BR7-01111,2015-08-10 11:47,4260,4851,591
BR7-01111,2015-08-11 04:42,4603,4861,258
BR7-01111,2015-08-12 04:46,4465,4841,376
BR7-01111,2015-08-13 04:36,4414,4823,409
BR7-01111,2015-08-14 04:36,4437,4830,393
BR7-01111,2015-08-15 04:36,4399,4857,458
BR7-01111,2015-08-16 13:39,4269,4853,584
BR7-01111,2015-08-17 04:36,4687,4852,165
BR7-01111,2015-08-18 09:15,4460,4821,361
BR7-01111,2015-08-19 04:36,4603,4841,238
BR7-01111,2015-08-20 04:36,4531,4818,287
BR7-01111,2015-08-21 10:26,4342,4824,482
BR7-01111,2015-08-21 15:34,4656,4862,206
BR7-01111,2015-08-22 04:36,4750,4858,108
BR7-01111,2015-08-23 13:38,4349,4835,486
BR7-01111,2015-08-24 08:35,4552,4856,304
BR7-01111,2015-08-25 04:36,4616,4849,233
BR7-01111,2015-08-26 04:37,4547,4853,306
BR7-01111,2015-08-27 04:37,4568,4861,293
BR7-01112,2015-07-17 14:21,4935,4935,0
BR7-01112,2015-07-18 04:52,4895,4895,0
BR7-01112,2015-07-19 04:50,4822,4863,41
BR7-01112,2015-07-20 04:52,4786,4862,76
BR7-01112,2015-07-21 04:50,4784,4864,80
BR7-01112,2015-07-22 04:56,4782,4864,82
BR7-01112,2015-07-23 04:57,4767,4860,93
BR7-01112,2015-07-24 05:00,4754,4861,107
BR7-01112,2015-07-25 04:52,4756,4861,105
BR7-01112,2015-07-26 04:59,4732,4856,124
BR7-01112,2015-07-27 04:57,4719,4862,143
BR7-01112,2015-07-28 04:47,4703,4861,158
BR7-01112,2015-07-29 04:55,4685,4853,168
BR7-01112,2015-07-30 04:59,4656,4856,200
BR7-01112,2015-07-31 05:00,4635,4845,210
BR7-01112,2015-08-01 04:45,4579,4851,272
BR7-01112,2015-08-02 04:44,4556,4852,296
BR7-01112,2015-08-03 04:45,4471,4859,388
BR7-01112,2015-08-04 04:45,4416,4831,415
BR7-01112,2015-08-05 05:23,4414,4852,438
BR7-01112,2015-08-06 05:20,4417,4844,427
BR7-01112,2015-08-07 04:45,4439,4828,389
BR7-01112,2015-08-08 04:45,4395,4842,447
BR7-01112,2015-08-09 04:45,4451,4858,407
BR7-01112,2015-08-10 11:54,4257,4852,595
BR7-01112,2015-08-11 04:47,4617,4861,244
BR7-01112,2015-08-12 04:53,4462,4852,390
BR7-01112,2015-08-13 04:43,4457,4846,389
BR7-01112,2015-08-14 04:43,4428,4856,428
BR7-01112,2015-08-15 04:42,4477,4856,379
BR7-01112,2015-08-16 13:47,4293,4862,569
BR7-01112,2015-08-17 04:41,4707,4860,153
BR7-01112,2015-08-18 09:22,4471,4839,368
BR7-01112,2015-08-19 04:42,4633,4860,227
BR7-01112,2015-08-20 04:42,4553,4839,286
BR7-01112,2015-08-21 10:33,4441,4441,0
BR7-01112,2015-08-21 15:40,4324,4853,529
BR7-01112,2015-08-22 04:40,4762,4858,96
BR7-01112,2015-08-23 13:45,4455,4846,391
BR7-01112,2015-08-24 08:41,4628,4862,234
BR7-01112,2015-08-25 04:41,4660,4855,195
BR7-01112,2015-08-26 04:42,4627,4857,230
BR7-01112,2015-08-27 04:42,4707,4860,153
BR7-01113,2015-07-17 14:24,4834,4862,28
BR7-01113,2015-07-18 04:56,4821,4861,40
BR7-01113,2015-07-19 04:54,4779,4863,84
BR7-01113,2015-07-20 04:56,4775,4862,87
BR7-01113,2015-07-21 04:54,4774,4864,90
BR7-01113,2015-07-22 05:01,4772,4865,93
BR7-01113,2015-07-23 05:01,4752,4862,110
BR7-01113,2015-07-24 05:04,4738,4861,123
BR7-01113,2015-07-25 04:56,4743,4863,120
BR7-01113,2015-07-26 05:03,4716,4859,143
BR7-01113,2015-07-27 05:02,4712,4862,150
BR7-01113,2015-07-28 04:51,4707,4859,152
BR7-01113,2015-07-29 05:00,4671,4855,184
BR7-01113,2015-07-30 05:04,4655,4850,195
BR7-01113,2015-07-31 05:05,4619,4847,228
BR7-01113,2015-08-01 04:50,4583,4855,272
BR7-01113,2015-08-02 04:49,4577,4851,274
BR7-01113,2015-08-03 04:50,4511,4853,342
BR7-01113,2015-08-04 04:50,4429,4835,406
BR7-01113,2015-08-05 05:28,4422,4848,426
BR7-01113,2015-08-06 05:26,4465,4837,372
BR7-01113,2015-08-07 04:51,4488,4476,388
BR7-01113,2015-08-08 04:51,4461,4842,381
BR7-01113,2015-08-09 04:51,4348,4853,505
BR7-01113,2015-08-10 12:01,4201,4852,651
BR7-01113,2015-08-11 04:53,4650,4856,206
BR7-01113,2015-08-12 04:59,4446,4834,388
BR7-01113,2015-08-13 04:49,4468,4839,371
BR7-01113,2015-08-14 04:49,4373,4841,468
BR7-01113,2015-08-15 04:48,4512,4847,335
BR7-01113,2015-08-16 13:54,4272,4840,568
BR7-01113,2015-08-17 04:46,4759,4762,103
BR7-01113,2015-08-18 09:28,4359,4831,472
BR7-01113,2015-08-19 04:47,4583,4858,275
BR7-01113,2015-08-20 04:48,4512,4840,328
BR7-01113,2015-08-21 10:39,4361,4361,0
BR7-01113,2015-08-21 15:48,4226,4851,625
BR7-01113,2015-08-22 04:45,4743,4859,116
BR7-01113,2015-08-23 13:52,4347,4838,491
BR7-01113,2015-08-24 08:46,4600,4858,258
BR7-01113,2015-08-25 04:46,4604,4851,247
BR7-01113,2015-08-26 04:48,4542,4851,309
BR7-01113,2015-08-27 04:47,4528,4855,327
BR7-01114,2015-07-17 14:28,4918,4918,0
BR7-01114,2015-07-18 04:59,4868,4868,0
BR7-01114,2015-07-19 04:58,4778,4863,85
BR7-01114,2015-07-20 05:00,4769,4860,91
BR7-01114,2015-07-21 04:58,4762,4863,101
BR7-01114,2015-07-22 05:05,4759,4864,105
BR7-01114,2015-07-23 05:05,4739,4857,118
BR7-01114,2015-07-24 05:09,4720,4862,142
BR7-01114,2015-07-25 05:01,4746,4862,116
BR7-01114,2015-07-26 05:08,4705,4856,151
BR7-01114,2015-07-27 05:06,4714,4863,149
BR7-01114,2015-07-28 04:56,4735,4861,126
BR7-01114,2015-07-29 05:04,4660,4856,196
BR7-01114,2015-07-30 05:09,4649,4852,203
BR7-01114,2015-07-31 05:10,4622,4842,220
BR7-01114,2015-08-01 04:55,4570,4848,278
BR7-01114,2015-08-02 04:55,4581,4846,265
BR7-01114,2015-08-03 04:56,4489,4849,360
BR7-01114,2015-08-04 04:56,4422,4836,414
BR7-01114,2015-08-05 05:34,4447,4852,405
BR7-01114,2015-08-06 05:31,4500,4848,348
BR7-01114,2015-08-07 04:56,4464,4831,367
BR7-01114,2015-08-08 04:57,4423,4844,421
BR7-01114,2015-08-09 04:57,4487,4849,362
BR7-01114,2015-08-10 12:08,4252,4841,589
BR7-01114,2015-08-11 04:58,4615,4857,242
BR7-01114,2015-08-12 05:05,4463,4839,376
BR7-01114,2015-08-13 04:55,4444,4827,383
BR7-01114,2015-08-14 04:56,4487,4838,351
BR7-01114,2015-08-15 04:54,4458,4828,370
BR7-01114,2015-08-16 14:01,4304,4837,533
BR7-01114,2015-08-17 04:51,4664,4852,188
BR7-01114,2015-08-18 09:34,4435,4824,389
BR7-01114,2015-08-19 04:52,4579,4848,269
BR7-01114,2015-08-20 04:53,4515,4834,319
BR7-01114,2015-08-21 10:46,4399,4393,-6
BR7-01114,2015-08-21 15:55,4273,4831,558
BR7-01114,2015-08-22 04:49,4740,4857,117
BR7-01114,2015-08-23 13:59,4391,4825,434
BR7-01114,2015-08-24 08:51,4624,4850,226
BR7-01114,2015-08-25 04:51,4618,4844,226
BR7-01114,2015-08-26 04:53,4546,4843,297
BR7-01114,2015-08-27 04:53,4552,4849,297
BR7-01121,2015-07-17 14:19,4870,4870,0
BR7-01121,2015-07-18 04:50,4828,4860,32
BR7-01121,2015-07-19 04:47,4782,4862,80
BR7-01121,2015-07-20 04:49,4781,4862,81
BR7-01121,2015-07-21 04:47,4777,4863,86
BR7-01121,2015-07-22 04:54,4774,4866,92
BR7-01121,2015-07-23 04:54,4767,4862,95
BR7-01121,2015-07-24 04:57,4749,4863,114
BR7-01121,2015-07-25 04:49,4757,4862,105
BR7-01121,2015-07-26 04:56,4735,4857,122
BR7-01121,2015-07-27 04:54,4728,4864,136
BR7-01121,2015-07-28 04:44,4735,4864,129
BR7-01121,2015-07-29 04:52,4688,4851,163
BR7-01121,2015-07-30 04:56,4670,4855,185
BR7-01121,2015-07-31 04:57,4644,4844,200
BR7-01121,2015-08-01 04:42,4623,4851,228
BR7-01121,2015-08-02 04:41,4588,4850,262
BR7-01121,2015-08-03 04:42,4517,4852,335
BR7-01121,2015-08-04 04:41,4466,4833,367
BR7-01121,2015-08-05 05:19,4471,4854,383
BR7-01121,2015-08-06 05:16,4491,4847,356
BR7-01121,2015-08-07 04:41,4568,4819,251
BR7-01121,2015-08-08 04:41,4372,4822,450
BR7-01121,2015-08-09 04:42,4356,4851,495
BR7-01121,2015-08-10 11:50,4306,4852,546
BR7-01121,2015-08-11 04:44,4617,4852,235
BR7-01121,2015-08-12 04:49,4483,4847,364
BR7-01121,2015-08-13 04:39,4528,4831,303
BR7-01121,2015-08-14 04:39,4463,4840,377
BR7-01121,2015-08-15 04:39,4496,4836,340
BR7-01121,2015-08-16 13:42,4285,4841,556
BR7-01121,2015-08-17 04:38,4720,4848,128
BR7-01121,2015-08-18 09:18,4480,4827,347
BR7-01121,2015-08-19 04:38,4596,4855,259
BR7-01121,2015-08-20 04:38,4494,4838,344
BR7-01121,2015-08-21 10:29,4477,4783,306
BR7-01121,2015-08-21 15:36,4660,4863,203
BR7-01121,2015-08-22 04:38,4740,4860,120
BR7-01121,2015-08-23 13:41,4391,4840,449
BR7-01121,2015-08-24 08:37,4603,4856,253
BR7-01121,2015-08-25 04:38,4639,4852,213
BR7-01121,2015-08-26 04:39,4586,4853,267
BR7-01121,2015-08-27 04:38,4596,4861,265
BR7-01122,2015-07-17 14:22,4931,4931,0
BR7-01122,2015-07-18 04:53,4884,4884,0
BR7-01122,2015-07-19 04:51,4796,4863,67
BR7-01122,2015-07-20 04:53,4775,4863,88
BR7-01122,2015-07-21 04:51,4768,4863,95
BR7-01122,2015-07-22 04:58,4765,4861,96
BR7-01122,2015-07-23 04:58,4745,4859,114
BR7-01122,2015-07-24 05:02,4732,4865,133
BR7-01122,2015-07-25 04:54,4742,4864,122
BR7-01122,2015-07-26 05:01,4706,4855,149
BR7-01122,2015-07-27 04:59,4689,4864,175
BR7-01122,2015-07-28 04:48,4685,4863,178
BR7-01122,2015-07-29 04:57,4644,4852,208
BR7-01122,2015-07-30 05:01,4616,4850,234
BR7-01122,2015-07-31 05:02,4590,4845,255
BR7-01122,2015-08-01 04:47,4531,4853,322
BR7-01122,2015-08-02 04:46,4502,4846,344
BR7-01122,2015-08-03 04:47,4427,4847,420
BR7-01122,2015-08-04 04:47,4348,4831,483
BR7-01122,2015-08-05 05:25,4392,4852,460
BR7-01122,2015-08-06 05:22,4422,4850,428
BR7-01122,2015-08-07 04:47,4414,4825,411
BR7-01122,2015-08-08 04:48,4391,4845,454
BR7-01122,2015-08-09 04:48,4440,4855,415
BR7-01122,2015-08-10 11:57,4256,4851,595
BR7-01122,2015-08-11 04:49,4615,4855,240
BR7-01122,2015-08-12 04:55,4470,4845,375
BR7-01122,2015-08-13 04:45,4438,4842,404
BR7-01122,2015-08-14 04:45,4444,4854,410
BR7-01122,2015-08-15 04:44,4494,4858,364
BR7-01122,2015-08-16 13:50,4351,4854,503
BR7-01122,2015-08-17 04:43,4714,4855,141
BR7-01122,2015-08-18 09:24,4479,4832,353
BR7-01122,2015-08-19 04:44,4627,4859,232
BR7-01122,2015-08-20 04:44,4556,4842,286
BR7-01122,2015-08-21 10:35,4423,4419,-4
BR7-01122,2015-08-21 15:43,4309,4851,542
BR7-01122,2015-08-22 04:42,4779,4859,80
BR7-01122,2015-08-23 13:48,4463,4834,371
BR7-01122,2015-08-24 08:43,4652,4853,201
BR7-01122,2015-08-25 04:43,4663,4848,185
BR7-01122,2015-08-26 04:44,4636,4851,215
BR7-01122,2015-08-27 04:44,4620,4852,232
BR7-01123,2015-07-17 14:25,4930,4930,0
BR7-01123,2015-07-18 04:57,4886,4886,0
BR7-01123,2015-07-19 04:55,4803,4862,59
BR7-01123,2015-07-20 04:58,4779,4858,79
BR7-01123,2015-07-21 04:56,4769,4862,93
BR7-01123,2015-07-22 05:02,4770,4865,95
BR7-01123,2015-07-23 05:03,4767,4861,94
BR7-01123,2015-07-24 05:06,4749,4861,112
BR7-01123,2015-07-25 04:58,4758,4863,105
BR7-01123,2015-07-26 05:05,4716,4858,142
BR7-01123,2015-07-27 05:03,4713,4863,150
BR7-01123,2015-07-28 04:53,4684,4861,177
BR7-01123,2015-07-29 05:01,4658,4855,197
BR7-01123,2015-07-30 05:06,4634,4849,215
BR7-01123,2015-07-31 05:07,4609,4845,236
BR7-01123,2015-08-01 04:52,4554,4852,298
BR7-01123,2015-08-02 04:52,4526,4851,325
BR7-01123,2015-08-03 04:53,4474,4854,380
BR7-01123,2015-08-04 04:53,4428,4834,406
BR7-01123,2015-08-05 05:31,4443,4852,409
BR7-01123,2015-08-06 05:28,4458,4851,393
BR7-01123,2015-08-07 04:53,4471,4829,358
BR7-01123,2015-08-08 04:54,4440,4847,407
BR7-01123,2015-08-09 04:54,4483,4854,371
BR7-01123,2015-08-10 12:04,4259,4846,587
BR7-01123,2015-08-11 04:55,4616,4863,247
BR7-01123,2015-08-12 05:01,4451,4853,402
BR7-01123,2015-08-13 04:51,4451,4846,395
BR7-01123,2015-08-14 04:52,4414,4855,441
BR7-01123,2015-08-15 04:50,4481,4857,376
BR7-01123,2015-08-16 13:57,4409,4860,451
BR7-01123,2015-08-17 04:48,4690,4857,167
BR7-01123,2015-08-18 09:30,4471,4840,369
BR7-01123,2015-08-19 04:49,4624,4857,233
BR7-01123,2015-08-20 04:50,4560,4843,283
BR7-01123,2015-08-21 10:42,4432,4432,0
BR7-01123,2015-08-21 15:51,4312,4850,538
BR7-01123,2015-08-22 04:46,4773,4862,89
BR7-01123,2015-08-23 13:55,4424,4843,419
BR7-01123,2015-08-24 08:48,4650,4856,206
BR7-01123,2015-08-25 04:48,4893,4893,0
BR7-01123,2015-08-26 04:50,4400,4838,438
BR7-01123,2015-08-27 04:49,4596,4860,264
BR7-01124,2015-07-17 14:29,4910,4910,0
BR7-01124,2015-07-18 05:01,4857,4866,9
BR7-01124,2015-07-19 05:00,4776,4866,90
BR7-01124,2015-07-20 05:02,4770,4861,91
BR7-01124,2015-07-21 05:00,4759,4861,102
BR7-01124,2015-07-22 05:07,4747,4864,117
BR7-01124,2015-07-23 05:07,4744,4856,112
BR7-01124,2015-07-24 05:11,4694,4862,168
BR7-01124,2015-07-25 05:02,4727,4860,133
BR7-01124,2015-07-26 05:10,4686,4855,169
BR7-01124,2015-07-27 05:08,4688,4862,174
BR7-01124,2015-07-28 04:57,4694,4862,168
BR7-01124,2015-07-29 05:06,4641,4853,212
BR7-01124,2015-07-30 05:11,4610,4852,242
BR7-01124,2015-07-31 05:12,4596,4844,248
BR7-01124,2015-08-01 04:57,4554,4848,294
BR7-01124,2015-08-02 04:57,4535,4851,316
BR7-01124,2015-08-03 04:58,4486,4854,368
BR7-01124,2015-08-04 04:59,4447,4839,392
BR7-01124,2015-08-05 05:37,4467,4850,383
BR7-01124,2015-08-06 05:33,4511,4848,337
BR7-01124,2015-08-07 04:59,4449,4832,383
BR7-01124,2015-08-08 05:00,4409,4844,435
BR7-01124,2015-08-09 05:00,4442,4854,412
BR7-01124,2015-08-10 12:11,4224,4843,619
BR7-01124,2015-08-11 05:00,4597,4856,259
BR7-01124,2015-08-12 05:07,4435,4844,409
BR7-01124,2015-08-13 04:58,4404,4834,430
BR7-01124,2015-08-14 04:58,4405,4844,439
BR7-01124,2015-08-15 04:56,4481,4846,365
BR7-01124,2015-08-16 14:04,4251,4842,591
BR7-01124,2015-08-17 04:53,4718,4854,136
BR7-01124,2015-08-18 09:36,4415,4827,412
BR7-01124,2015-08-19 04:55,4588,4855,267
BR7-01124,2015-08-20 04:55,4535,4838,303
BR7-01124,2015-08-21 10:49,4386,4381,-5
BR7-01124,2015-08-21 15:59,4250,4846,596
BR7-01124,2015-08-22 04:51,4745,4860,115
BR7-01124,2015-08-23 14:01,4430,4841,411
BR7-01124,2015-08-24 08:53,4654,4848,194
BR7-01124,2015-08-25 04:54,4635,4847,212
BR7-01124,2015-08-26 04:56,4608,4846,238
BR7-01124,2015-08-27 04:55,4610,4848,238
BR7-01131,2015-07-17 14:18,4823,4861,38
BR7-01131,2015-07-18 04:49,4824,4863,39
BR7-01131,2015-07-19 04:47,4793,4863,70
BR7-01131,2015-07-20 04:49,4789,4862,73
BR7-01131,2015-07-21 04:47,4787,4864,77
BR7-01131,2015-07-22 04:53,4783,4865,82
BR7-01131,2015-07-23 04:53,4773,4862,89
BR7-01131,2015-07-24 04:57,4758,4866,108
BR7-01131,2015-07-25 04:49,4767,4864,97
BR7-01131,2015-07-26 04:55,4747,4856,109
BR7-01131,2015-07-27 04:54,4742,4863,121
BR7-01131,2015-07-28 04:43,4718,4864,146
BR7-01131,2015-07-29 04:51,4704,4851,147
BR7-01131,2015-07-30 04:56,4679,4855,176
BR7-01131,2015-07-31 04:56,4671,4848,177
BR7-01131,2015-08-01 04:41,4631,4856,225
BR7-01131,2015-08-02 04:40,4615,4850,235
BR7-01131,2015-08-03 04:41,4532,4858,326
BR7-01131,2015-08-04 04:41,4492,4836,344
BR7-01131,2015-08-05 05:18,4485,4858,373
BR7-01131,2015-08-06 05:15,4469,4851,382
BR7-01131,2015-08-07 04:41,4462,4816,354
BR7-01131,2015-08-08 04:41,4367,4842,475
BR7-01131,2015-08-09 04:41,4461,4859,398
BR7-01131,2015-08-10 11:49,4241,4848,607
BR7-01131,2015-08-11 04:43,4664,4857,193
BR7-01131,2015-08-12 04:48,4473,4848,375
BR7-01131,2015-08-13 04:38,4466,4836,370
BR7-01131,2015-08-14 04:38,4412,4850,438
BR7-01131,2015-08-15 04:38,4483,4853,370
BR7-01131,2015-08-16 13:41,4311,4853,542
BR7-01131,2015-08-17 04:37,4706,4855,149
BR7-01131,2015-08-18 09:17,4515,4832,317
BR7-01131,2015-08-19 04:38,4616,4856,240
BR7-01131,2015-08-20 04:38,4570,4835,265
BR7-01131,2015-08-21 10:28,4483,4830,347
BR7-01131,2015-08-21 15:35,4726,4858,132
BR7-01131,2015-08-22 04:37,4780,4853,73
BR7-01131,2015-08-23 13:40,4428,4834,406
BR7-01131,2015-08-24 08:37,4687,4850,163
BR7-01131,2015-08-25 04:37,4687,4839,152
BR7-01131,2015-08-26 04:38,4604,4843,239
BR7-01131,2015-08-27 04:38,4621,4846,225
BR7-01132,2015-07-17 14:21,4963,4963,0
BR7-01132,2015-07-18 04:53,4922,4922,0
BR7-01132,2015-07-19 04:51,4843,4865,22
BR7-01132,2015-07-20 04:53,4788,4864,76
BR7-01132,2015-07-21 04:51,4779,4864,85
BR7-01132,2015-07-22 04:58,4777,4865,88
BR7-01132,2015-07-23 04:58,4784,4782,-2
BR7-01132,2015-07-24 05:01,4656,4860,204
BR7-01132,2015-07-25 04:53,4752,4862,110
BR7-01132,2015-07-26 05:00,4736,4854,118
BR7-01132,2015-07-27 04:58,4711,4864,153
BR7-01132,2015-07-28 04:48,4760,4756,-4
BR7-01132,2015-07-29 04:56,4615,4607,-8
BR7-01132,2015-07-30 05:00,4429,4415,-14
BR7-01132,2015-07-31 05:01,4154,4806,652
BR7-01132,2015-08-01 04:46,4582,4847,265
BR7-01132,2015-08-02 04:46,4591,4846,255
BR7-01132,2015-08-03 04:46,4482,4855,373
BR7-01132,2015-08-04 04:46,4462,4834,372
BR7-01132,2015-08-05 05:24,4464,4795,331
BR7-01132,2015-08-06 05:21,4424,4837,413
BR7-01132,2015-08-07 04:46,4471,4829,358
BR7-01132,2015-08-08 04:47,4451,4843,392
BR7-01132,2015-08-09 04:47,4487,4792,305
BR7-01132,2015-08-10 11:56,4235,4715,480
BR7-01132,2015-08-11 04:49,4486,4856,370
BR7-01132,2015-08-12 04:54,4499,4849,350
BR7-01132,2015-08-13 04:44,4496,4808,312
BR7-01132,2015-08-14 04:44,4427,4850,423
BR7-01132,2015-08-15 04:44,4516,4853,337
BR7-01132,2015-08-16 13:49,4360,4623,263
BR7-01132,2015-08-17 04:43,4489,4749,360
BR7-01132,2015-08-18 09:23,4609,4841,232
BR7-01132,2015-08-19 04:43,4684,4857,173
BR7-01132,2015-08-20 04:43,4652,4843,191
BR7-01132,2015-08-21 10:35,4508,4494,-14
BR7-01132,2015-08-21 15:42,4406,4841,435
BR7-01132,2015-08-22 04:42,4769,4853,84
BR7-01132,2015-08-23 13:47,4426,4836,410
BR7-01132,2015-08-24 08:42,4653,4854,201
BR7-01132,2015-08-25 04:43,4667,4848,181
BR7-01132,2015-08-26 04:44,4611,4843,232
BR7-01132,2015-08-27 04:43,4597,4856,259
BR7-01133,2015-07-17 14:25,4851,4864,13
BR7-01133,2015-07-18 04:57,4822,4861,39
BR7-01133,2015-07-19 04:55,4782,4863,81
BR7-01133,2015-07-20 04:57,4778,4863,85
BR7-01133,2015-07-21 04:55,4775,4862,87
BR7-01133,2015-07-22 05:02,4769,4864,95
BR7-01133,2015-07-23 05:02,4760,4861,101
BR7-01133,2015-07-24 05:05,4750,4863,113
BR7-01133,2015-07-25 04:58,4759,4862,103
BR7-01133,2015-07-26 05:04,4729,4858,129
BR7-01133,2015-07-27 05:03,4717,4863,146
BR7-01133,2015-07-28 04:52,4695,4861,166
BR7-01133,2015-07-29 05:01,4679,4859,180
BR7-01133,2015-07-30 05:05,4656,4851,195
BR7-01133,2015-07-31 05:06,4625,4843,218
BR7-01133,2015-08-01 04:51,4572,4857,285
BR7-01133,2015-08-02 04:51,4567,4849,282
BR7-01133,2015-08-03 04:52,4476,4852,376
BR7-01133,2015-08-04 04:52,4394,4832,438
BR7-01133,2015-08-05 05:30,4381,4848,467
BR7-01133,2015-08-06 05:27,4416,4847,431
BR7-01133,2015-08-07 04:52,4446,4824,378
BR7-01133,2015-08-08 04:53,4394,4841,447
BR7-01133,2015-08-09 04:53,4434,4855,421
BR7-01133,2015-08-10 12:03,4252,4842,590
BR7-01133,2015-08-11 04:54,4620,4860,240
BR7-01133,2015-08-12 05:00,4462,4850,388
BR7-01133,2015-08-13 04:50,4469,4846,377
BR7-01133,2015-08-14 04:51,4445,4855,410
BR7-01133,2015-08-15 04:50,4490,4855,365
BR7-01133,2015-08-16 13:56,4427,4854,427
BR7-01133,2015-08-17 04:47,4685,4859,174
BR7-01133,2015-08-18 09:29,4467,4838,371
BR7-01133,2015-08-19 04:49,4612,4861,249
BR7-01133,2015-08-20 04:49,4537,4845,308
BR7-01133,2015-08-21 10:41,4427,4427,0
BR7-01133,2015-08-21 15:50,4307,4852,545
BR7-01133,2015-08-22 04:46,4758,4858,100
BR7-01133,2015-08-23 13:54,4417,4838,421
BR7-01133,2015-08-24 08:47,4639,4858,219
BR7-01133,2015-08-25 04:48,4630,4852,222
BR7-01133,2015-08-26 04:49,4579,4853,274
BR7-01133,2015-08-27 04:49,4579,4857,278
BR7-01134,2015-07-17 14:29,4947,4947,0
BR7-01134,2015-07-18 05:00,4890,4890,0
BR7-01134,2015-07-19 04:59,4786,4863,77
BR7-01134,2015-07-20 05:01,4757,4862,105
BR7-01134,2015-07-21 04:59,4748,4862,114
BR7-01134,2015-07-22 05:06,4749,4864,115
BR7-01134,2015-07-23 05:06,4726,4860,134
BR7-01134,2015-07-24 05:10,4703,4863,160
BR7-01134,2015-07-25 05:02,4743,4860,117
BR7-01134,2015-07-26 05:09,4694,4851,157
BR7-01134,2015-07-27 05:07,4679,4861,182
BR7-01134,2015-07-28 04:57,4704,4863,159
BR7-01134,2015-07-29 05:05,4653,4854,201
BR7-01134,2015-07-30 05:10,4641,4854,213
BR7-01134,2015-07-31 05:11,4625,4845,220
BR7-01134,2015-08-01 04:56,4589,4854,265
BR7-01134,2015-08-02 04:56,4588,4849,261
BR7-01134,2015-08-03 04:58,4514,4855,341
BR7-01134,2015-08-04 04:58,4472,4843,371
BR7-01134,2015-08-05 05:36,4503,4848,345
BR7-01134,2015-08-06 05:33,4523,4848,325
BR7-01134,2015-08-07 04:58,4510,4832,322
BR7-01134,2015-08-08 04:59,4482,4847,365
BR7-01134,2015-08-09 04:59,4500,4856,356
BR7-01134,2015-08-10 12:10,4324,4855,531
BR7-01134,2015-08-11 04:59,4644,4855,211
BR7-01134,2015-08-12 05:06,4491,4852,361
BR7-01134,2015-08-13 04:57,4441,4846,405
BR7-01134,2015-08-14 04:57,4455,4852,397
BR7-01134,2015-08-15 04:55,4495,4852,357
BR7-01134,2015-08-16 14:03,4330,4850,520
BR7-01134,2015-08-17 04:52,4680,4853,173
BR7-01134,2015-08-18 09:36,4486,4831,345
BR7-01134,2015-08-19 04:54,4629,4855,226
BR7-01134,2015-08-20 04:55,4563,4837,274
BR7-01134,2015-08-21 10:48,4385,4374,-11
BR7-01134,2015-08-21 15:58,4260,4825,565
BR7-01134,2015-08-22 04:51,4757,4854,97
BR7-01134,2015-08-23 14:00,4412,4827,415
BR7-01134,2015-08-24 08:53,4743,4850,107
BR7-01134,2015-08-25 04:53,4791,4752,-39
BR7-01134,2015-08-26 04:55,4486,4453,-33
BR7-01134,2015-08-27 04:55,4483,4854,371
BR7-02111,2015-07-17 14:20,4886,4886,0
BR7-02111,2015-07-18 04:51,4846,4864,18
BR7-02111,2015-07-19 04:48,4793,4865,72
BR7-02111,2015-07-20 04:51,4788,4864,76
BR7-02111,2015-07-21 04:49,4787,4864,77
BR7-02111,2015-07-22 04:55,4783,4866,83
BR7-02111,2015-07-23 04:55,4780,4861,81
BR7-02111,2015-07-24 04:59,4763,4866,103
BR7-02111,2015-07-25 04:51,4773,4865,92
BR7-02111,2015-07-26 04:58,4747,4857,110
BR7-02111,2015-07-27 04:56,4740,4864,124
BR7-02111,2015-07-28 04:45,4721,4863,142
BR7-02111,2015-07-29 04:53,4708,4855,147
BR7-02111,2015-07-30 04:58,4683,4856,173
BR7-02111,2015-07-31 04:58,4667,4850,183
BR7-02111,2015-08-01 04:43,4618,4857,239
BR7-02111,2015-08-02 04:43,4611,4854,243
BR7-02111,2015-08-03 04:43,4542,4857,315
BR7-02111,2015-08-04 04:43,4497,4839,342
BR7-02111,2015-08-05 05:21,4475,4857,382
BR7-02111,2015-08-06 05:18,4490,4853,363
BR7-02111,2015-08-07 04:43,4515,4833,318
BR7-02111,2015-08-08 04:43,4437,4847,410
BR7-02111,2015-08-09 04:44,4460,4857,397
BR7-02111,2015-08-10 11:52,4281,4854,573
BR7-02111,2015-08-11 04:46,4603,4856,253
BR7-02111,2015-08-12 04:51,4402,4852,450
BR7-02111,2015-08-13 04:41,4418,4846,428
BR7-02111,2015-08-14 04:41,4405,4855,450
BR7-02111,2015-08-15 04:40,4463,4853,390
BR7-02111,2015-08-16 13:45,4241,4857,616
BR7-02111,2015-08-17 04:40,4697,4860,163
BR7-02111,2015-08-18 09:20,4441,4839,398
BR7-02111,2015-08-19 04:40,4609,4856,247
BR7-02111,2015-08-20 04:40,4524,4840,316
BR7-02111,2015-08-21 10:31,4392,4391,-1
BR7-02111,2015-08-21 15:38,4252,4849,597
BR7-02111,2015-08-22 04:39,4747,4859,112
BR7-02111,2015-08-23 13:44,4412,4840,428
BR7-02111,2015-08-24 08:39,4619,4857,238
BR7-02111,2015-08-25 04:40,4645,4850,205
BR7-02111,2015-08-26 04:41,4602,4852,250
BR7-02111,2015-08-27 04:40,4620,4861,241
BR7-02112,2015-07-17 14:23,4832,4865,33
BR7-02112,2015-07-18 04:55,4819,4863,44
BR7-02112,2015-07-19 04:53,4775,4863,88
BR7-02112,2015-07-20 04:55,4770,4862,92
BR7-02112,2015-07-21 04:53,4767,4863,96
BR7-02112,2015-07-22 05:00,4766,4865,99
BR7-02112,2015-07-23 05:00,4744,4859,115
BR7-02112,2015-07-24 05:03,4721,4863,142
BR7-02112,2015-07-25 04:55,4739,4862,123
BR7-02112,2015-07-26 05:02,4713,4860,147
BR7-02112,2015-07-27 05:00,4722,4865,143
BR7-02112,2015-07-28 04:50,4731,4864,133
BR7-02112,2015-07-29 04:58,4685,4853,168
BR7-02112,2015-07-30 05:03,4670,4857,187
BR7-02112,2015-07-31 05:04,4666,4850,184
BR7-02112,2015-08-01 04:48,4636,4856,220
BR7-02112,2015-08-02 04:48,4634,4853,219
BR7-02112,2015-08-03 04:49,4570,4857,287
BR7-02112,2015-08-04 04:49,4550,4842,292
BR7-02112,2015-08-05 05:27,4552,4861,309
BR7-02112,2015-08-06 05:24,4571,4853,282
BR7-02112,2015-08-07 04:49,4547,4838,291
BR7-02112,2015-08-08 04:50,4451,4849,398
BR7-02112,2015-08-09 04:50,4479,4850,371
BR7-02112,2015-08-10 11:59,4293,4853,560
BR7-02112,2015-08-11 04:51,4640,4856,216
BR7-02112,2015-08-12 04:57,4443,4850,407
BR7-02112,2015-08-13 04:47,4426,4838,412
BR7-02112,2015-08-14 04:47,4399,4850,451
BR7-02112,2015-08-15 04:46,4459,4858,399
BR7-02112,2015-08-16 13:52,4294,4858,564
BR7-02112,2015-08-17 04:45,4690,4858,168
BR7-02112,2015-08-18 09:26,4496,4836,340
BR7-02112,2015-08-19 04:46,4613,4858,245
BR7-02112,2015-08-20 04:46,4541,4843,302
BR7-02112,2015-08-21 10:38,4437,4438,1
BR7-02112,2015-08-21 15:46,4316,4854,538
BR7-02112,2015-08-22 04:44,4762,4860,98
BR7-02112,2015-08-23 13:50,4456,4842,386
BR7-02112,2015-08-24 08:45,4660,4857,197
BR7-02112,2015-08-25 04:45,4657,4852,195
BR7-02112,2015-08-26 04:46,4599,4850,251
BR7-02112,2015-08-27 04:46,4598,4863,265
BR7-02113,2015-07-17 14:27,4858,4863,5
BR7-02113,2015-07-18 04:58,4819,4858,39
BR7-02113,2015-07-19 04:57,4769,4862,93
BR7-02113,2015-07-20 04:59,4771,4861,90
BR7-02113,2015-07-21 04:57,4770,4861,91
BR7-02113,2015-07-22 05:04,4766,4863,97
BR7-02113,2015-07-23 05:04,4747,4858,111
BR7-02113,2015-07-24 05:07,4724,4861,137
BR7-02113,2015-07-25 04:59,4766,4863,97
BR7-02113,2015-07-26 05:07,4712,4860,148
BR7-02113,2015-07-27 05:05,4733,4864,131
BR7-02113,2015-07-28 04:54,4721,4862,141
BR7-02113,2015-07-29 05:03,4685,4854,169
BR7-02113,2015-07-30 05:07,4663,4853,190
BR7-02113,2015-07-31 05:08,4658,4852,194
BR7-02113,2015-08-01 04:53,4618,4854,236
BR7-02113,2015-08-02 04:53,4629,4858,229
BR7-02113,2015-08-03 04:55,4552,4854,302
BR7-02113,2015-08-04 04:55,4506,4843,337
BR7-02113,2015-08-05 05:33,4517,4855,338
BR7-02113,2015-08-06 05:30,4537,4854,317
BR7-02113,2015-08-07 04:55,4530,4837,307
BR7-02113,2015-08-08 04:56,4468,4844,376
BR7-02113,2015-08-09 04:56,4487,4854,367
BR7-02113,2015-08-10 12:06,4320,4850,530
BR7-02113,2015-08-11 04:57,4623,4858,235
BR7-02113,2015-08-12 05:03,4447,4845,398
BR7-02113,2015-08-13 04:53,4425,4843,418
BR7-02113,2015-08-14 04:54,4418,4859,441
BR7-02113,2015-08-15 04:52,4487,4857,370
BR7-02113,2015-08-16 13:59,4344,4851,507
BR7-02113,2015-08-17 04:50,4679,4861,182
BR7-02113,2015-08-18 09:32,4459,4840,381
BR7-02113,2015-08-19 04:51,4601,4861,260
BR7-02113,2015-08-20 04:52,4527,4844,317
BR7-02113,2015-08-21 10:44,4384,4386,2
BR7-02113,2015-08-21 15:53,4255,4844,589
BR7-02113,2015-08-22 04:48,4743,4861,118
BR7-02113,2015-08-23 13:57,4387,4843,456
BR7-02113,2015-08-24 08:50,4632,4859,227
BR7-02113,2015-08-25 04:50,4655,4850,195
BR7-02113,2015-08-26 04:52,4556,4847,291
BR7-02113,2015-08-27 04:51,4577,4856,279
BR7-02114,2015-07-17 14:30,4882,4882,0
BR7-02114,2015-07-18 05:02,4841,4862,21
BR7-02114,2015-07-19 05:01,4788,4861,73
BR7-02114,2015-07-20 05:03,4779,4864,85
BR7-02114,2015-07-21 05:01,4786,4861,75
BR7-02114,2015-07-22 05:08,4779,4866,87
BR7-02114,2015-07-23 05:09,4776,4863,87
BR7-02114,2015-07-24 05:12,4770,4863,93
BR7-02114,2015-07-25 05:04,4778,4864,86
BR7-02114,2015-07-26 05:11,4755,4861,106
BR7-02114,2015-07-27 05:09,4757,4864,107
BR7-02114,2015-07-28 04:59,4738,4864,126
BR7-02114,2015-07-29 05:08,4726,4859,133
BR7-02114,2015-07-30 05:12,4707,4854,147
BR7-02114,2015-07-31 05:14,4686,4852,166
BR7-02114,2015-08-01 04:59,4663,4857,194
BR7-02114,2015-08-02 04:58,4694,4852,158
BR7-02114,2015-08-03 05:00,4600,4854,254
BR7-02114,2015-08-04 05:00,4756,4842,86
BR7-02114,2015-08-05 05:38,4435,4843,408
BR7-02114,2015-08-06 05:35,4542,4851,309
BR7-02114,2015-08-07 05:01,4586,4839,253
BR7-02114,2015-08-08 05:02,4538,4843,305
BR7-02114,2015-08-09 05:02,4499,4851,352
BR7-02114,2015-08-10 12:13,4383,4847,464
BR7-02114,2015-08-11 05:02,4634,4856,222
BR7-02114,2015-08-12 05:09,4563,4842,279
BR7-02114,2015-08-13 05:00,4479,4840,361
BR7-02114,2015-08-14 05:00,4459,4840,381
BR7-02114,2015-08-15 04:58,4579,4842,263
BR7-02114,2015-08-16 14:07,4266,4835,569
BR7-02114,2015-08-17 04:54,4741,4850,109
BR7-02114,2015-08-18 09:39,4470,4817,347
BR7-02114,2015-08-19 04:57,4611,4832,221
BR7-02114,2015-08-20 04:57,4539,4808,269
BR7-02114,2015-08-21 10:51,4389,4375,-14
BR7-02114,2015-08-21 16:01,4266,4800,534
BR7-02114,2015-08-22 04:53,4737,4849,112
BR7-02114,2015-08-23 14:04,4286,4822,536
BR7-02114,2015-08-24 08:55,4601,4843,242
BR7-02114,2015-08-25 04:55,4695,4841,146
BR7-02114,2015-08-26 04:58,4546,4829,283
BR7-02114,2015-08-27 04:57,4619,4839,220
BR7-02121,2015-07-17 14:20,4906,4906,0
BR7-02121,2015-07-18 04:52,4863,4864,1
BR7-02121,2015-07-19 04:49,4788,4864,76
BR7-02121,2015-07-20 04:51,4783,4863,80
BR7-02121,2015-07-21 04:49,4781,4863,82
BR7-02121,2015-07-22 04:56,4780,4863,83
BR7-02121,2015-07-23 04:56,4770,4860,90
BR7-02121,2015-07-24 04:59,4755,4864,109
BR7-02121,2015-07-25 04:51,4768,4862,94
BR7-02121,2015-07-26 04:58,4743,4861,118
BR7-02121,2015-07-27 04:56,4742,4865,123
BR7-02121,2015-07-28 04:46,4741,4862,121
BR7-02121,2015-07-29 04:54,4696,4855,159
BR7-02121,2015-07-30 04:58,4694,4857,163
BR7-02121,2015-07-31 04:59,4694,4847,153
BR7-02121,2015-08-01 04:44,4639,4857,218
BR7-02121,2015-08-02 04:43,4650,4859,209
BR7-02121,2015-08-03 04:44,4598,4857,259
BR7-02121,2015-08-04 04:44,4545,4844,299
BR7-02121,2015-08-05 05:22,4509,4854,345
BR7-02121,2015-08-06 05:19,4496,4854,358
BR7-02121,2015-08-07 04:44,4509,4832,323
BR7-02121,2015-08-08 04:44,4462,4845,383
BR7-02121,2015-08-09 04:44,4479,4856,377
BR7-02121,2015-08-10 11:53,4305,4853,548
BR7-02121,2015-08-11 04:46,4609,4858,249
BR7-02121,2015-08-12 04:52,4435,4850,415
BR7-02121,2015-08-13 04:42,4430,4846,416
BR7-02121,2015-08-14 04:42,4420,4859,439
BR7-02121,2015-08-15 04:41,4481,4858,377
BR7-02121,2015-08-16 13:46,4255,4857,602
BR7-02121,2015-08-17 04:40,4695,4858,163
BR7-02121,2015-08-18 09:21,4449,4837,388
BR7-02121,2015-08-19 04:41,4601,4860,259
BR7-02121,2015-08-20 04:41,4534,4843,309
BR7-02121,2015-08-21 10:32,4405,4404,-1
BR7-02121,2015-08-21 15:39,4280,4853,573
BR7-02121,2015-08-22 04:40,4753,4862,109
BR7-02121,2015-08-23 13:45,4398,4841,443
BR7-02121,2015-08-24 08:40,4618,4863,245
BR7-02121,2015-08-25 04:41,4644,4849,205
BR7-02121,2015-08-26 04:41,4593,4852,259
BR7-02121,2015-08-27 04:41,4603,4861,258
BR7-02122,2015-07-17 14:24,4812,4864,52
BR7-02122,2015-07-18 04:55,4820,4860,40
BR7-02122,2015-07-19 04:53,4779,4863,84
BR7-02122,2015-07-20 04:55,4777,4863,86
BR7-02122,2015-07-21 04:53,4777,4864,87
BR7-02122,2015-07-22 05:00,4777,4862,85
BR7-02122,2015-07-23 05:00,4752,4864,112
BR7-02122,2015-07-24 05:04,4740,4861,121
BR7-02122,2015-07-25 04:56,4744,4863,119
BR7-02122,2015-07-26 05:03,4723,4856,133
BR7-02122,2015-07-27 05:01,4721,4864,143
BR7-02122,2015-07-28 04:50,4730,4864,134
BR7-02122,2015-07-29 04:59,4700,4856,156
BR7-02122,2015-07-30 05:03,4684,4855,171
BR7-02122,2015-07-31 05:04,4672,4849,177
BR7-02122,2015-08-01 04:49,4636,4858,222
BR7-02122,2015-08-02 04:49,4633,4855,222
BR7-02122,2015-08-03 04:50,4571,4856,285
BR7-02122,2015-08-04 04:50,4521,4842,321
BR7-02122,2015-08-05 05:28,4511,4855,344
BR7-02122,2015-08-06 05:25,4532,4847,315
BR7-02122,2015-08-07 04:50,4503,4833,330
BR7-02122,2015-08-08 04:51,4444,4848,404
BR7-02122,2015-08-09 04:51,4466,4851,385
BR7-02122,2015-08-10 12:00,4245,4849,604
BR7-02122,2015-08-11 04:52,4604,4861,257
BR7-02122,2015-08-12 04:58,4428,4849,421
BR7-02122,2015-08-13 04:48,4386,4845,459
BR7-02122,2015-08-14 04:48,4366,4852,486
BR7-02122,2015-08-15 04:47,4434,4855,421
BR7-02122,2015-08-16 13:53,4236,4855,619
BR7-02122,2015-08-17 04:45,4685,4862,177
BR7-02122,2015-08-18 09:27,4459,4832,373
BR7-02122,2015-08-19 04:46,4590,4861,271
BR7-02122,2015-08-20 04:47,4518,4841,323
BR7-02122,2015-08-21 10:39,4370,4371,1
BR7-02122,2015-08-21 15:47,4239,4854,615
BR7-02122,2015-08-22 04:44,4751,4860,109
BR7-02122,2015-08-23 13:51,4390,4842,452
BR7-02122,2015-08-24 08:45,4628,4857,229
BR7-02122,2015-08-25 04:46,4629,4851,222
BR7-02122,2015-08-26 04:47,4568,4855,287
BR7-02122,2015-08-27 04:47,4584,4856,272
BR7-02123,2015-07-17 14:27,4870,4870,0
BR7-02123,2015-07-18 04:59,4822,4862,40
BR7-02123,2015-07-19 04:57,4778,4864,86
BR7-02123,2015-07-20 05:00,4777,4863,86
BR7-02123,2015-07-21 04:58,4779,4864,85
BR7-02123,2015-07-22 05:04,4774,4865,91
BR7-02123,2015-07-23 05:05,4762,4860,98
BR7-02123,2015-07-24 05:08,4753,4865,112
BR7-02123,2015-07-25 05:00,4775,4865,90
BR7-02123,2015-07-26 05:07,4741,4858,117
BR7-02123,2015-07-27 05:05,4744,4863,119
BR7-02123,2015-07-28 04:55,4737,4863,126
BR7-02123,2015-07-29 05:04,4703,4860,157
BR7-02123,2015-07-30 05:08,4689,4854,165
BR7-02123,2015-07-31 05:09,4675,4849,174
BR7-02123,2015-08-01 04:54,4651,4857,206
BR7-02123,2015-08-02 04:54,4681,4850,169
BR7-02123,2015-08-03 04:55,4602,4850,248
BR7-02123,2015-08-04 04:55,4562,4840,278
BR7-02123,2015-08-05 05:34,4538,4848,310
BR7-02123,2015-08-06 05:30,4490,4851,361
BR7-02123,2015-08-07 04:56,4538,4829,291
BR7-02123,2015-08-08 04:56,4437,4836,399
BR7-02123,2015-08-09 04:56,4443,4844,401
BR7-02123,2015-08-10 12:07,4290,4842,552
BR7-02123,2015-08-11 04:57,4610,4850,240
BR7-02123,2015-08-12 05:04,4419,4837,418
BR7-02123,2015-08-13 04:54,4379,4839,460
BR7-02123,2015-08-14 04:55,4395,4841,446
BR7-02123,2015-08-15 04:53,4469,4857,388
BR7-02123,2015-08-16 14:00,4349,4842,493
BR7-02123,2015-08-17 04:50,4686,4851,165
BR7-02123,2015-08-18 09:33,4455,4821,366
BR7-02123,2015-08-19 04:52,4594,4851,257
BR7-02123,2015-08-20 04:53,4620,4838,218
BR7-02123,2015-08-21 10:45,4446,4434,-12
BR7-02123,2015-08-21 15:54,4396,4814,418
BR7-02123,2015-08-22 04:48,4783,4843,60
BR7-02123,2015-08-23 13:58,4380,4807,427
BR7-02123,2015-08-24 08:51,4672,4831,159
BR7-02123,2015-08-25 04:51,4651,4826,175
BR7-02123,2015-08-26 04:53,4595,4815,220
BR7-02123,2015-08-27 04:52,4402,4841,439
BR7-02124,2015-07-17 14:31,4942,4942,0
BR7-02124,2015-07-18 05:02,4902,4902,0
BR7-02124,2015-07-19 05:02,4832,4862,30
BR7-02124,2015-07-20 05:04,4789,4863,74
BR7-02124,2015-07-21 05:02,4791,4864,73
BR7-02124,2015-07-22 05:09,4787,4864,77
BR7-02124,2015-07-23 05:09,4776,4864,88
BR7-02124,2015-07-24 05:13,4774,4863,89
BR7-02124,2015-07-25 05:04,4777,4863,86
BR7-02124,2015-07-26 05:12,4749,4858,109
BR7-02124,2015-07-27 05:10,4744,4863,119
BR7-02124,2015-07-28 04:59,4743,4863,120
BR7-02124,2015-07-29 05:08,4712,4859,147
BR7-02124,2015-07-30 05:13,4708,4853,145
BR7-02124,2015-07-31 05:14,4646,4850,204
BR7-02124,2015-08-01 04:59,4632,4855,223
BR7-02124,2015-08-02 04:59,4695,4847,152
BR7-02124,2015-08-03 05:01,4558,4842,284
BR7-02124,2015-08-04 05:01,4462,4837,375
BR7-02124,2015-08-05 05:39,4492,4855,363
BR7-02124,2015-08-06 05:36,4506,4843,337
BR7-02124,2015-08-07 05:01,4458,4830,372
BR7-02124,2015-08-08 05:03,4471,4843,372
BR7-02124,2015-08-09 05:02,4467,4846,379
BR7-02124,2015-08-10 12:14,4274,4847,573
BR7-02124,2015-08-11 05:02,4616,4861,245
BR7-02124,2015-08-12 05:10,4451,4851,400
BR7-02124,2015-08-13 05:01,4442,4847,405
BR7-02124,2015-08-14 05:01,4444,4856,412
BR7-02124,2015-08-15 04:59,4477,4855,378
BR7-02124,2015-08-16 14:08,4265,4853,588
BR7-02124,2015-08-17 04:55,4737,4858,121
BR7-02124,2015-08-18 09:39,4462,4847,385
BR7-02124,2015-08-19 04:57,4634,4858,224
BR7-02124,2015-08-20 04:58,4564,4849,285
BR7-02124,2015-08-21 10:52,4443,4443,0
BR7-02124,2015-08-21 16:02,4323,4847,524
BR7-02124,2015-08-22 04:53,4771,4859,88
BR7-02124,2015-08-23 14:05,4422,4838,416
BR7-02124,2015-08-24 08:56,4585,4854,269
BR7-02124,2015-08-25 04:56,4644,4853,209
BR7-02124,2015-08-26 04:58,4587,4852,265
BR7-02124,2015-08-27 04:58,4593,4856,263
BR7-02131,2015-07-17 14:20,4938,4938,0
BR7-02131,2015-07-18 04:51,4895,4895,0
BR7-02131,2015-07-19 04:48,4819,4863,44
BR7-02131,2015-07-20 04:50,4789,4863,74
BR7-02131,2015-07-21 04:48,4789,4861,72
BR7-02131,2015-07-22 04:55,4790,4863,73
BR7-02131,2015-07-23 04:55,4791,4862,71
BR7-02131,2015-07-24 04:58,4787,4863,76
BR7-02131,2015-07-25 04:51,4799,4864,65
BR7-02131,2015-07-26 04:57,4785,4861,76
BR7-02131,2015-07-27 04:56,4787,4865,78
BR7-02131,2015-07-28 04:45,4780,4862,82
BR7-02131,2015-07-29 04:53,4774,4860,86
BR7-02131,2015-07-30 04:58,4767,4860,93
BR7-02131,2015-07-31 04:58,4764,4856,92
BR7-02131,2015-08-01 04:43,4733,4860,127
BR7-02131,2015-08-02 04:42,4750,4858,108
BR7-02131,2015-08-03 04:43,4719,4861,142
BR7-02131,2015-08-04 04:43,4671,4847,176
BR7-02131,2015-08-05 05:21,4651,4860,209
BR7-02131,2015-08-06 05:18,4630,4855,225
BR7-02131,2015-08-07 04:43,4624,4840,216
BR7-02131,2015-08-08 04:43,4579,4853,274
BR7-02131,2015-08-09 04:43,4572,4857,285
BR7-02131,2015-08-10 11:52,4433,4858,425
BR7-02131,2015-08-11 04:45,4668,4860,192
BR7-02131,2015-08-12 04:51,4500,4848,348
BR7-02131,2015-08-13 04:40,4463,4834,371
BR7-02131,2015-08-14 04:40,4439,4848,409
BR7-02131,2015-08-15 04:40,4467,4853,386
BR7-02131,2015-08-16 13:44,4159,4861,702
BR7-02131,2015-08-17 04:39,4674,4858,184
BR7-02131,2015-08-18 09:19,4339,4828,489
BR7-02131,2015-08-19 04:40,4495,4859,364
BR7-02131,2015-08-20 04:40,4419,4835,416
BR7-02131,2015-08-21 10:31,4267,4268,1
BR7-02131,2015-08-21 15:38,4125,4848,723
BR7-02131,2015-08-22 04:39,4751,4856,105
BR7-02131,2015-08-23 13:43,4233,4833,600
BR7-02131,2015-08-24 08:39,4543,4855,312
BR7-02131,2015-08-25 04:39,4555,4842,287
BR7-02131,2015-08-26 04:40,4471,4845,374
BR7-02131,2015-08-27 04:40,4490,4852,362
BR7-02132,2015-07-17 14:23,4912,4912,0
BR7-02132,2015-07-18 04:54,4863,4863,0
BR7-02132,2015-07-19 04:52,4774,4864,90
BR7-02132,2015-07-20 04:55,4769,4860,91
BR7-02132,2015-07-21 04:52,4763,4864,101
BR7-02132,2015-07-22 04:59,4763,4864,101
BR7-02132,2015-07-23 04:59,4742,4862,120
BR7-02132,2015-07-24 05:03,4723,4864,141
BR7-02132,2015-07-25 04:55,4736,4864,128
BR7-02132,2015-07-26 05:02,4707,4854,147
BR7-02132,2015-07-27 05:00,4707,4863,156
BR7-02132,2015-07-28 04:50,4720,4863,143
BR7-02132,2015-07-29 04:58,4678,4858,180
BR7-02132,2015-07-30 05:02,4663,4853,190
BR7-02132,2015-07-31 05:03,4648,4848,200
BR7-02132,2015-08-01 04:48,4608,4857,249
BR7-02132,2015-08-02 04:48,4614,4853,239
BR7-02132,2015-08-03 04:49,4549,4858,309
BR7-02132,2015-08-04 04:49,4491,4840,349
BR7-02132,2015-08-05 05:27,4466,4854,388
BR7-02132,2015-08-06 05:24,4498,4848,350
BR7-02132,2015-08-07 04:49,4467,4830,363
BR7-02132,2015-08-08 04:49,4425,4845,420
BR7-02132,2015-08-09 04:49,4444,4855,411
BR7-02132,2015-08-10 11:59,4242,4852,610
BR7-02132,2015-08-11 04:51,4597,4859,262
BR7-02132,2015-08-12 04:57,4401,4850,449
BR7-02132,2015-08-13 04:47,4383,4837,454
BR7-02132,2015-08-14 04:47,4366,4854,488
BR7-02132,2015-08-15 04:46,4445,4855,410
BR7-02132,2015-08-16 13:52,4239,4856,617
BR7-02132,2015-08-17 04:44,4670,4857,187
BR7-02132,2015-08-18 09:26,4473,4841,368
BR7-02132,2015-08-19 04:45,4601,4858,257
BR7-02132,2015-08-20 04:46,4513,4838,325
BR7-02132,2015-08-21 10:37,4413,4411,-2
BR7-02132,2015-08-21 15:45,4295,4853,558
BR7-02132,2015-08-22 04:43,4753,4860,107
BR7-02132,2015-08-23 13:50,4444,4841,397
BR7-02132,2015-08-24 08:44,4652,4858,206
BR7-02132,2015-08-25 04:45,4732,4850,118
BR7-02132,2015-08-26 04:46,4630,4849,219
BR7-02132,2015-08-27 04:45,4665,4852,187
BR7-02133,2015-07-17 14:26,4921,4921,0
BR7-02133,2015-07-18 04:58,4877,4877,0
BR7-02133,2015-07-19 04:56,4799,4864,65
BR7-02133,2015-07-20 04:59,4783,4864,81
BR7-02133,2015-07-21 04:57,4785,4862,77
BR7-02133,2015-07-22 05:04,4783,4865,82
BR7-02133,2015-07-23 05:04,4765,4865,100
BR7-02133,2015-07-24 05:07,4752,4865,113
BR7-02133,2015-07-25 04:59,4788,4865,77
BR7-02133,2015-07-26 05:06,4741,4860,119
BR7-02133,2015-07-27 05:04,4758,4863,105
BR7-02133,2015-07-28 04:54,4747,4863,116
BR7-02133,2015-07-29 05:03,4715,4859,144
BR7-02133,2015-07-30 05:07,4727,4855,128
BR7-02133,2015-07-31 05:08,4715,4852,137
BR7-02133,2015-08-01 04:53,4647,4861,214
BR7-02133,2015-08-02 04:53,4687,4858,171
BR7-02133,2015-08-03 04:54,4626,4860,234
BR7-02133,2015-08-04 04:54,4601,4845,244
BR7-02133,2015-08-05 05:32,4580,4852,272
BR7-02133,2015-08-06 05:29,4575,4854,279
BR7-02133,2015-08-07 04:54,4538,4837,299
BR7-02133,2015-08-08 04:55,4500,4846,346
BR7-02133,2015-08-09 04:55,4526,4854,328
BR7-02133,2015-08-10 12:06,4437,4840,403
BR7-02133,2015-08-11 04:56,4570,4858,288
BR7-02133,2015-08-12 05:03,4485,4848,363
BR7-02133,2015-08-13 04:53,4460,4842,382
BR7-02133,2015-08-14 04:53,4475,4846,371
BR7-02133,2015-08-15 04:52,4616,4840,224
BR7-02133,2015-08-16 13:59,4392,4825,433
BR7-02133,2015-08-17 04:49,4655,4841,186
BR7-02133,2015-08-18 09:32,4505,4808,353
BR7-02133,2015-08-19 04:51,4582,4844,262
BR7-02133,2015-08-20 04:51,4706,4834,128
BR7-02133,2015-08-21 10:44,4304,4278,-26
BR7-02133,2015-08-21 15:53,4127,4820,693
BR7-02133,2015-08-22 04:48,4924,4924,0
BR7-02133,2015-08-23 13:57,4510,4809,299
BR7-02133,2015-08-24 08:50,4662,4833,171
BR7-02133,2015-08-25 04:50,4466,4825,359
BR7-02133,2015-08-26 04:52,4696,4839,143
BR7-02133,2015-08-27 04:51,4454,4840,386
BR7-02134,2015-07-17 14:30,4908,4908,0
BR7-02134,2015-07-18 05:02,4867,4867,0
BR7-02134,2015-07-19 05:01,4792,4866,74
BR7-02134,2015-07-20 05:03,4787,4859,72
BR7-02134,2015-07-21 05:01,4783,4862,79
BR7-02134,2015-07-22 05:08,4780,4865,85
BR7-02134,2015-07-23 05:08,4773,4863,90
BR7-02134,2015-07-24 05:12,4769,4865,96
BR7-02134,2015-07-25 05:04,4778,4864,86
BR7-02134,2015-07-26 05:11,4751,4859,108
BR7-02134,2015-07-27 05:09,4747,4863,116
BR7-02134,2015-07-28 04:59,4734,4862,128
BR7-02134,2015-07-29 05:07,4714,4855,141
BR7-02134,2015-07-30 05:12,4693,4857,164
BR7-02134,2015-07-31 05:13,4680,4852,172
BR7-02134,2015-08-01 04:58,4654,4855,201
BR7-02134,2015-08-02 04:58,4652,4858,206
BR7-02134,2015-08-03 05:00,4600,4854,254
BR7-02134,2015-08-04 05:00,4552,4845,293
BR7-02134,2015-08-05 05:38,4536,4859,323
BR7-02134,2015-08-06 05:35,4527,4851,324
BR7-02134,2015-08-07 05:00,4521,4835,314
BR7-02134,2015-08-08 05:01,4457,4844,387
BR7-02134,2015-08-09 05:01,4476,4851,375
BR7-02134,2015-08-10 12:13,4268,4853,585
BR7-02134,2015-08-11 05:01,4622,4861,239
BR7-02134,2015-08-12 05:09,4442,4847,405
BR7-02134,2015-08-13 04:59,4415,4842,427
BR7-02134,2015-08-14 05:00,4405,4854,449
BR7-02134,2015-08-15 04:58,4473,4858,385
BR7-02134,2015-08-16 14:06,4250,4854,604
BR7-02134,2015-08-17 04:54,4714,4856,142
BR7-02134,2015-08-18 09:38,4514,4838,324
BR7-02134,2015-08-19 04:56,4544,4856,312
BR7-02134,2015-08-20 04:57,4549,4843,294
BR7-02134,2015-08-21 10:51,4408,4411,3
BR7-02134,2015-08-21 16:01,4286,4851,565
BR7-02134,2015-08-22 04:53,4763,4864,101
BR7-02134,2015-08-23 14:03,4448,4839,391
BR7-02134,2015-08-24 08:55,4627,4857,230
BR7-02134,2015-08-25 04:55,4635,4850,215
BR7-02134,2015-08-26 04:57,4587,4854,267
BR7-02134,2015-08-27 04:57,4602,4857,255
BR7-03111,2015-07-17 14:18,4956,4956,0
BR7-03111,2015-07-18 04:49,4912,4912,0
BR7-03111,2015-07-19 04:46,4836,4863,27
BR7-03111,2015-07-20 04:48,4785,4863,78
BR7-03111,2015-07-21 04:46,4781,4863,82
BR7-03111,2015-07-22 04:53,4779,4865,86
BR7-03111,2015-07-23 04:53,4762,4861,99
BR7-03111,2015-07-24 04:56,4746,4864,118
BR7-03111,2015-07-25 04:48,4757,4864,107
BR7-03111,2015-07-26 04:55,4733,4856,123
BR7-03111,2015-07-27 04:53,4725,4863,138
BR7-03111,2015-07-28 04:43,4704,4862,158
BR7-03111,2015-07-29 04:51,4679,4854,175
BR7-03111,2015-07-30 04:55,4658,4851,193
BR7-03111,2015-07-31 04:56,4620,4842,222
BR7-03111,2015-08-01 04:41,4583,4854,271
BR7-03111,2015-08-02 04:40,4582,4848,266
BR7-03111,2015-08-03 04:40,4520,4859,339
BR7-03111,2015-08-04 04:40,4481,4834,353
BR7-03111,2015-08-05 05:18,4468,4853,385
BR7-03111,2015-08-06 05:15,4486,4845,359
BR7-03111,2015-08-07 04:40,4481,4823,342
BR7-03111,2015-08-08 04:40,4436,4843,407
BR7-03111,2015-08-09 04:40,4488,4852,364
BR7-03111,2015-08-10 11:48,4324,4847,523
BR7-03111,2015-08-11 04:43,4645,4850,205
BR7-03111,2015-08-12 04:48,4465,4818,353
BR7-03111,2015-08-13 04:38,4397,4815,418
BR7-03111,2015-08-14 04:37,4393,4844,451
BR7-03111,2015-08-15 04:37,4466,4845,379
BR7-03111,2015-08-16 13:41,4252,4836,584
BR7-03111,2015-08-17 04:37,4645,4841,196
BR7-03111,2015-08-18 09:16,4448,4433,385
BR7-03111,2015-08-19 04:37,4415,4856,441
BR7-03111,2015-08-20 04:37,4515,4841,326
BR7-03111,2015-08-21 10:28,4363,4833,470
BR7-03111,2015-08-21 15:35,4674,4869,195
BR7-03111,2015-08-22 04:37,4748,4860,112
BR7-03111,2015-08-23 13:40,4320,4834,514
BR7-03111,2015-08-24 08:36,4509,4851,342
BR7-03111,2015-08-25 04:37,4557,4842,285
BR7-03111,2015-08-26 04:38,4458,4842,384
BR7-03111,2015-08-27 04:37,4492,4859,367
BR7-03112,2015-07-17 14:21,4916,4916,0
BR7-03112,2015-07-18 04:53,4876,4876,0
BR7-03112,2015-07-19 04:50,4796,4863,67
BR7-03112,2015-07-20 04:53,4782,4860,78
BR7-03112,2015-07-21 04:50,4779,4860,81
BR7-03112,2015-07-22 04:57,4774,4862,88
BR7-03112,2015-07-23 04:57,4762,4858,96
BR7-03112,2015-07-24 05:01,4745,4862,117
BR7-03112,2015-07-25 04:53,4750,4863,113
BR7-03112,2015-07-26 05:00,4721,4859,138
BR7-03112,2015-07-27 04:58,4709,4862,153
BR7-03112,2015-07-28 04:47,4709,4860,151
BR7-03112,2015-07-29 04:56,4669,4853,184
BR7-03112,2015-07-30 05:00,4700,4842,142
BR7-03112,2015-07-31 05:01,4565,4824,259
BR7-03112,2015-08-01 04:46,4647,4624,-23
BR7-03112,2015-08-02 04:45,4244,4698,454
BR7-03112,2015-08-03 04:46,4355,4344,589
BR7-03112,2015-08-04 04:46,4511,4832,321
BR7-03112,2015-08-05 05:24,4534,4673,339
BR7-03112,2015-08-06 05:21,4316,4832,516
BR7-03112,2015-08-07 04:46,4462,4817,355
BR7-03112,2015-08-08 04:46,4542,4603,321
BR7-03112,2015-08-09 04:47,4433,4845,412
BR7-03112,2015-08-10 11:55,4480,4447,167
BR7-03112,2015-08-11 04:48,4076,4838,792
BR7-03112,2015-08-12 04:54,4886,4886,0
BR7-03112,2015-08-13 04:44,4637,4755,218
BR7-03112,2015-08-14 04:44,4142,4848,706
BR7-03112,2015-08-15 04:43,4889,4889,0
BR7-03112,2015-08-16 13:48,4129,4121,-8
BR7-03112,2015-08-17 04:42,4071,4748,777
BR7-03112,2015-08-18 09:23,4606,4656,250
BR7-03112,2015-08-19 04:43,4517,4853,336
BR7-03112,2015-08-20 04:43,4560,4838,278
BR7-03112,2015-08-21 10:34,4424,4421,-3
BR7-03112,2015-08-21 15:42,4303,4857,554
BR7-03112,2015-08-22 04:41,4750,4859,109
BR7-03112,2015-08-23 13:47,4367,4838,471
BR7-03112,2015-08-24 08:42,4586,4858,272
BR7-03112,2015-08-25 04:42,4571,4845,274
BR7-03112,2015-08-26 04:43,4531,4850,319
BR7-03112,2015-08-27 04:43,4525,4859,334
BR7-03113,2015-07-17 14:25,4916,4916,0
BR7-03113,2015-07-18 04:56,4868,4868,0
BR7-03113,2015-07-19 04:55,4786,4862,76
BR7-03113,2015-07-20 04:57,4776,4861,85
BR7-03113,2015-07-21 04:55,4775,4865,90
BR7-03113,2015-07-22 05:02,4777,4864,87
BR7-03113,2015-07-23 05:02,4763,4862,99
BR7-03113,2015-07-24 05:05,4757,4864,107
BR7-03113,2015-07-25 04:57,4773,4863,90
BR7-03113,2015-07-26 05:04,4741,4857,116
BR7-03113,2015-07-27 05:02,4740,4863,123
BR7-03113,2015-07-28 04:52,4706,4864,158
BR7-03113,2015-07-29 05:00,4707,4855,148
BR7-03113,2015-07-30 05:05,4691,4853,162
BR7-03113,2015-07-31 05:06,4674,4850,176
BR7-03113,2015-08-01 04:51,4654,4853,199
BR7-03113,2015-08-02 04:50,4648,4858,210
BR7-03113,2015-08-03 04:52,4593,4854,261
BR7-03113,2015-08-04 04:52,4573,4842,269
BR7-03113,2015-08-05 05:30,4535,4857,322
BR7-03113,2015-08-06 05:27,4608,4819,211
BR7-03113,2015-08-07 04:52,4584,4568,-16
BR7-03113,2015-08-08 04:52,4431,4844,413
BR7-03113,2015-08-09 04:52,4523,4854,331
BR7-03113,2015-08-10 12:03,4380,4853,473
BR7-03113,2015-08-11 04:54,4631,4863,232
BR7-03113,2015-08-12 05:00,4475,4846,371
BR7-03113,2015-08-13 04:50,4467,4844,377
BR7-03113,2015-08-14 04:50,4474,4858,384
BR7-03113,2015-08-15 04:49,4526,4858,332
BR7-03113,2015-08-16 13:56,4392,4858,466
BR7-03113,2015-08-17 04:47,4690,4861,171
BR7-03113,2015-08-18 09:29,4412,4835,423
BR7-03113,2015-08-19 04:48,4577,4861,284
BR7-03113,2015-08-20 04:49,4541,4842,301
BR7-03113,2015-08-21 10:41,4425,4426,1
BR7-03113,2015-08-21 15:49,4308,4855,547
BR7-03113,2015-08-22 04:46,4738,4859,121
BR7-03113,2015-08-23 13:53,4368,4836,468
BR7-03113,2015-08-24 08:47,4583,4853,270
BR7-03113,2015-08-25 04:47,4571,4846,275
BR7-03113,2015-08-26 04:49,4526,4844,318
BR7-03113,2015-08-27 04:48,4512,4855,343
BR7-03114,2015-07-17 14:28,4828,4864,36
BR7-03114,2015-07-18 05:00,4813,4860,47
BR7-03114,2015-07-19 04:59,4768,4863,95
BR7-03114,2015-07-20 05:01,4765,4864,99
BR7-03114,2015-07-21 04:59,4761,4862,101
BR7-03114,2015-07-22 05:06,4756,4865,109
BR7-03114,2015-07-23 05:06,4734,4860,126
BR7-03114,2015-07-24 05:10,4706,4863,157
BR7-03114,2015-07-25 05:02,4741,4860,119
BR7-03114,2015-07-26 05:09,4692,4860,168
BR7-03114,2015-07-27 05:07,4715,4863,148
BR7-03114,2015-07-28 04:56,4721,4863,142
BR7-03114,2015-07-29 05:05,4675,4854,179
BR7-03114,2015-07-30 05:10,4665,4852,187
BR7-03114,2015-07-31 05:11,4636,4852,216
BR7-03114,2015-08-01 04:56,4630,4857,227
BR7-03114,2015-08-02 04:56,4642,4856,214
BR7-03114,2015-08-03 04:57,4594,4840,246
BR7-03114,2015-08-04 04:57,4509,4840,331
BR7-03114,2015-08-05 05:35,4546,4826,280
BR7-03114,2015-08-06 05:32,4511,4850,339
BR7-03114,2015-08-07 04:57,4503,4830,327
BR7-03114,2015-08-08 04:59,4439,4839,400
BR7-03114,2015-08-09 04:58,4460,4855,395
BR7-03114,2015-08-10 12:09,4322,4844,522
BR7-03114,2015-08-11 04:59,4669,4858,189
BR7-03114,2015-08-12 05:06,4424,4845,421
BR7-03114,2015-08-13 04:56,4431,4841,410
BR7-03114,2015-08-14 04:57,4446,4842,396
BR7-03114,2015-08-15 04:55,4470,4847,377
BR7-03114,2015-08-16 14:03,4266,4861,595
BR7-03114,2015-08-17 04:52,4680,4851,171
BR7-03114,2015-08-18 09:35,4465,4834,369
BR7-03114,2015-08-19 04:54,4592,4848,256
BR7-03114,2015-08-20 04:54,4504,4836,332
BR7-03114,2015-08-21 10:48,4391,4388,-3
BR7-03114,2015-08-21 15:57,4259,4849,590
BR7-03114,2015-08-22 04:50,4744,4856,112
BR7-03114,2015-08-23 14:00,4394,4836,442
BR7-03114,2015-08-24 08:52,4587,4857,270
BR7-03114,2015-08-25 04:53,4583,4851,268
BR7-03114,2015-08-26 04:55,4519,4846,327
BR7-03114,2015-08-27 04:54,4526,4857,331
BR7-03121,2015-07-17 14:20,4873,4873,0
BR7-03121,2015-07-18 04:51,4833,4862,29
BR7-03121,2015-07-19 04:49,4790,4865,75
BR7-03121,2015-07-20 04:51,4787,4863,76
BR7-03121,2015-07-21 04:49,4786,4862,76
BR7-03121,2015-07-22 04:56,4780,4867,87
BR7-03121,2015-07-23 04:56,4778,4862,84
BR7-03121,2015-07-24 04:59,4764,4862,98
BR7-03121,2015-07-25 04:51,4773,4863,90
BR7-03121,2015-07-26 04:58,4747,4857,110
BR7-03121,2015-07-27 04:56,4745,4863,118
BR7-03121,2015-07-28 04:46,4721,4862,141
BR7-03121,2015-07-29 04:54,4710,4858,148
BR7-03121,2015-07-30 04:58,4714,4853,139
BR7-03121,2015-07-31 04:59,4641,4849,208
BR7-03121,2015-08-01 04:44,4670,4855,185
BR7-03121,2015-08-02 04:43,4632,4845,213
BR7-03121,2015-08-03 04:44,4589,4856,267
BR7-03121,2015-08-04 04:44,4674,4830,156
BR7-03121,2015-08-05 05:22,4557,4585,278
BR7-03121,2015-08-06 05:18,4490,4852,362
BR7-03121,2015-08-07 04:44,4614,4841,227
BR7-03121,2015-08-08 04:44,4546,4853,307
BR7-03121,2015-08-09 04:44,4536,4855,319
BR7-03121,2015-08-10 11:53,4551,4530,279
BR7-03121,2015-08-11 04:46,4593,4844,251
BR7-03121,2015-08-12 04:51,4438,4755,417
BR7-03121,2015-08-13 04:41,4523,4701,328
BR7-03121,2015-08-14 04:41,4497,4828,331
BR7-03121,2015-08-15 04:41,4496,4848,352
BR7-03121,2015-08-16 13:45,4340,4846,506
BR7-03121,2015-08-17 04:40,4707,4856,149
BR7-03121,2015-08-18 09:20,4508,4818,310
BR7-03121,2015-08-19 04:41,4572,4845,273
BR7-03121,2015-08-20 04:41,4571,4821,250
BR7-03121,2015-08-21 10:32,4452,4442,-10
BR7-03121,2015-08-21 15:39,4315,4853,538
BR7-03121,2015-08-22 04:40,4833,4833,0
BR7-03121,2015-08-23 13:44,4369,4817,448
BR7-03121,2015-08-24 08:40,4644,4848,204
BR7-03121,2015-08-25 04:40,4618,4841,223
BR7-03121,2015-08-26 04:41,4602,4832,230
BR7-03121,2015-08-27 04:41,4563,4846,283
BR7-03122,2015-07-17 14:23,4899,4899,0
BR7-03122,2015-07-18 04:55,4852,4863,11
BR7-03122,2015-07-19 04:53,4783,4864,81
BR7-03122,2015-07-20 04:55,4776,4864,88
BR7-03122,2015-07-21 04:53,4775,4865,90
BR7-03122,2015-07-22 05:00,4775,4866,91
BR7-03122,2015-07-23 05:00,4747,4861,114
BR7-03122,2015-07-24 05:03,4724,4863,139
BR7-03122,2015-07-25 04:55,4737,4863,126
BR7-03122,2015-07-26 05:02,4709,4857,148
BR7-03122,2015-07-27 05:01,4711,4862,151
BR7-03122,2015-07-28 04:50,4707,4861,154
BR7-03122,2015-07-29 04:59,4674,4855,181
BR7-03122,2015-07-30 05:03,4677,4850,173
BR7-03122,2015-07-31 05:04,4634,4845,211
BR7-03122,2015-08-01 04:49,4626,4857,231
BR7-03122,2015-08-02 04:49,4664,4854,190
BR7-03122,2015-08-03 04:49,4627,4863,236
BR7-03122,2015-08-04 04:49,4625,4849,224
BR7-03122,2015-08-05 05:27,4627,4848,221
BR7-03122,2015-08-06 05:24,4599,4831,232
BR7-03122,2015-08-07 04:50,4468,4835,367
BR7-03122,2015-08-08 04:50,4495,4493,358
BR7-03122,2015-08-09 04:50,4636,4632,226
BR7-03122,2015-08-10 12:00,4189,4852,663
BR7-03122,2015-08-11 04:52,4834,4862,28
BR7-03122,2015-08-12 04:57,4426,4846,420
BR7-03122,2015-08-13 04:48,4414,4833,419
BR7-03122,2015-08-14 04:48,4349,4855,506
BR7-03122,2015-08-15 04:47,4433,4851,418
BR7-03122,2015-08-16 13:53,4226,4846,620
BR7-03122,2015-08-17 04:45,4708,4849,141
BR7-03122,2015-08-18 09:26,4408,4818,410
BR7-03122,2015-08-19 04:46,4561,4843,282
BR7-03122,2015-08-20 04:46,4422,4832,410
BR7-03122,2015-08-21 10:38,4314,4311,-3
BR7-03122,2015-08-21 15:46,4175,4857,682
BR7-03122,2015-08-22 04:44,4745,4855,110
BR7-03122,2015-08-23 13:51,4307,4843,536
BR7-03122,2015-08-24 08:45,4587,4859,272
BR7-03122,2015-08-25 04:45,4578,4848,270
BR7-03122,2015-08-26 04:47,4475,4849,374
BR7-03122,2015-08-27 04:46,4482,4857,375
BR7-03123,2015-07-17 14:27,4846,4865,19
BR7-03123,2015-07-18 04:59,4821,4862,41
BR7-03123,2015-07-19 04:57,4778,4861,83
BR7-03123,2015-07-20 04:59,4773,4864,91
BR7-03123,2015-07-21 04:57,4778,4862,84
BR7-03123,2015-07-22 05:04,4772,4865,93
BR7-03123,2015-07-23 05:04,4757,4862,105
BR7-03123,2015-07-24 05:08,4745,4862,117
BR7-03123,2015-07-25 05:00,4773,4863,90
BR7-03123,2015-07-26 05:07,4729,4857,128
BR7-03123,2015-07-27 05:05,4735,4861,126
BR7-03123,2015-07-28 04:55,4712,4860,148
BR7-03123,2015-07-29 05:03,4693,4851,158
BR7-03123,2015-07-30 05:08,4649,4854,205
BR7-03123,2015-07-31 05:09,4683,4845,162
BR7-03123,2015-08-01 04:54,4565,4852,287
BR7-03123,2015-08-02 04:54,4609,4850,241
BR7-03123,2015-08-03 04:55,4553,4848,295
BR7-03123,2015-08-04 04:55,4519,4840,321
BR7-03123,2015-08-05 05:33,4612,4855,243
BR7-03123,2015-08-06 05:30,4656,4855,199
BR7-03123,2015-08-07 04:55,4715,4847,132
BR7-03123,2015-08-08 04:56,4565,4848,283
BR7-03123,2015-08-09 04:56,4606,4861,255
BR7-03123,2015-08-10 12:07,4560,4851,291
BR7-03123,2015-08-11 04:57,4647,4855,208
BR7-03123,2015-08-12 05:03,4524,4848,324
BR7-03123,2015-08-13 04:54,4517,4845,328
BR7-03123,2015-08-14 04:54,4564,4847,283
BR7-03123,2015-08-15 04:53,4571,4845,274
BR7-03123,2015-08-16 14:00,4414,4847,433
BR7-03123,2015-08-17 04:50,4712,4852,140
BR7-03123,2015-08-18 09:33,4517,4833,316
BR7-03123,2015-08-19 04:51,4637,4854,217
BR7-03123,2015-08-20 04:52,4653,4836,183
BR7-03123,2015-08-21 10:45,4469,4454,-15
BR7-03123,2015-08-21 15:54,4399,4836,437
BR7-03123,2015-08-22 04:48,4765,4849,84
BR7-03123,2015-08-23 13:57,4523,4824,301
BR7-03123,2015-08-24 08:50,4643,4839,196
BR7-03123,2015-08-25 04:50,4671,4845,174
BR7-03123,2015-08-26 04:52,4660,4842,182
BR7-03123,2015-08-27 04:52,4654,4844,190
BR7-03124,2015-07-17 14:30,4908,4908,0
BR7-03124,2015-07-18 05:02,4871,4871,0
BR7-03124,2015-07-19 05:01,4804,4867,63
BR7-03124,2015-07-20 05:04,4799,4862,63
BR7-03124,2015-07-21 05:02,4799,4863,64
BR7-03124,2015-07-22 05:08,4800,4865,65
BR7-03124,2015-07-23 05:09,4794,4864,70
BR7-03124,2015-07-24 05:12,4795,4865,70
BR7-03124,2015-07-25 05:04,4806,4865,59
BR7-03124,2015-07-26 05:11,4788,4861,73
BR7-03124,2015-07-27 05:10,4792,4863,71
BR7-03124,2015-07-28 04:59,4781,4863,82
BR7-03124,2015-07-29 05:08,4767,4860,93
BR7-03124,2015-07-30 05:13,4753,4862,109
BR7-03124,2015-07-31 05:14,4734,4857,123
BR7-03124,2015-08-01 04:59,4714,4860,146
BR7-03124,2015-08-02 04:59,4715,4859,144
BR7-03124,2015-08-03 05:01,4685,4861,176
BR7-03124,2015-08-04 05:01,4655,4852,197
BR7-03124,2015-08-05 05:39,4630,4862,232
BR7-03124,2015-08-06 05:36,4609,4853,244
BR7-03124,2015-08-07 05:01,4599,4845,246
BR7-03124,2015-08-08 05:02,4567,4849,282
BR7-03124,2015-08-09 05:02,4576,4859,283
BR7-03124,2015-08-10 12:14,4401,4853,452
BR7-03124,2015-08-11 05:02,4660,4864,204
BR7-03124,2015-08-12 05:10,4532,4853,321
BR7-03124,2015-08-13 05:00,4499,4848,349
BR7-03124,2015-08-14 05:01,4499,4853,354
BR7-03124,2015-08-15 04:59,4538,4860,322
BR7-03124,2015-08-16 14:07,4363,4856,493
BR7-03124,2015-08-17 04:55,4714,4865,151
BR7-03124,2015-08-18 09:39,4680,4849,169
BR7-03124,2015-08-19 04:57,4525,4860,335
BR7-03124,2015-08-20 04:58,4600,4852,252
BR7-03124,2015-08-21 10:52,4496,4491,-5
BR7-03124,2015-08-21 16:02,4390,4849,459
BR7-03124,2015-08-22 04:53,4796,4855,59
BR7-03124,2015-08-23 14:04,4441,4844,403
BR7-03124,2015-08-24 08:55,4625,4860,235
BR7-03124,2015-08-25 04:56,4642,4853,211
BR7-03124,2015-08-26 04:58,4597,4856,259
BR7-03124,2015-08-27 04:58,4609,4863,254
BR7-03131,2015-07-17 14:20,4901,4901,0
BR7-03131,2015-07-18 04:52,4859,4863,4
BR7-03131,2015-07-19 04:49,4789,4863,74
BR7-03131,2015-07-20 04:51,4783,4863,80
BR7-03131,2015-07-21 04:49,4782,4864,82
BR7-03131,2015-07-22 04:56,4780,4866,86
BR7-03131,2015-07-23 04:56,4766,4862,96
BR7-03131,2015-07-24 05:00,4751,4864,113
BR7-03131,2015-07-25 04:52,4754,4865,111
BR7-03131,2015-07-26 04:58,4723,4859,136
BR7-03131,2015-07-27 04:57,4708,4862,154
BR7-03131,2015-07-28 04:46,4693,4860,167
BR7-03131,2015-07-29 04:54,4659,4854,195
BR7-03131,2015-07-30 04:59,4615,4848,233
BR7-03131,2015-07-31 04:59,4580,4840,260
BR7-03131,2015-08-01 04:44,4557,4855,298
BR7-03131,2015-08-02 04:44,4571,4850,279
BR7-03131,2015-08-03 04:44,4511,4855,344
BR7-03131,2015-08-04 04:44,4493,4839,346
BR7-03131,2015-08-05 05:22,4491,4855,364
BR7-03131,2015-08-06 05:19,4454,4850,396
BR7-03131,2015-08-07 04:44,4499,4831,332
BR7-03131,2015-08-08 04:45,4461,4843,382
BR7-03131,2015-08-09 04:45,4466,4855,389
BR7-03131,2015-08-10 11:54,4334,4857,523
BR7-03131,2015-08-11 04:47,4634,4860,226
BR7-03131,2015-08-12 04:52,4465,4852,387
BR7-03131,2015-08-13 04:42,4466,4841,375
BR7-03131,2015-08-14 04:42,4469,4856,387
BR7-03131,2015-08-15 04:42,4523,4858,335
BR7-03131,2015-08-16 13:46,4330,4858,528
BR7-03131,2015-08-17 04:41,4713,4859,146
BR7-03131,2015-08-18 09:21,4440,4834,394
BR7-03131,2015-08-19 04:41,4600,4861,261
BR7-03131,2015-08-20 04:42,4569,4842,273
BR7-03131,2015-08-21 10:32,4468,4467,-1
BR7-03131,2015-08-21 15:40,4366,4854,488
BR7-03131,2015-08-22 04:40,4756,4861,105
BR7-03131,2015-08-23 13:45,4419,4845,426
BR7-03131,2015-08-24 08:40,4614,4852,238
BR7-03131,2015-08-25 04:41,4594,4847,253
BR7-03131,2015-08-26 04:42,4541,4852,311
BR7-03131,2015-08-27 04:42,4528,4857,329
BR7-03132,2015-07-17 14:24,4938,4938,0
BR7-03132,2015-07-18 04:55,4894,4894,0
BR7-03132,2015-07-19 04:53,4817,4864,47
BR7-03132,2015-07-20 04:56,4784,4864,80
BR7-03132,2015-07-21 04:54,4787,4862,75
BR7-03132,2015-07-22 05:00,4788,4866,78
BR7-03132,2015-07-23 05:01,4774,4862,88
BR7-03132,2015-07-24 05:04,4763,4865,102
BR7-03132,2015-07-25 04:56,4778,4863,85
BR7-03132,2015-07-26 05:03,4761,4859,98
BR7-03132,2015-07-27 05:01,4769,4865,96
BR7-03132,2015-07-28 04:51,4776,4867,91
BR7-03132,2015-07-29 04:59,4763,4862,99
BR7-03132,2015-07-30 05:04,4761,4861,100
BR7-03132,2015-07-31 05:05,4760,4860,100
BR7-03132,2015-08-01 04:49,4763,4862,99
BR7-03132,2015-08-02 04:49,4749,4862,113
BR7-03132,2015-08-03 04:50,4733,4863,130
BR7-03132,2015-08-04 04:50,4738,4853,115
BR7-03132,2015-08-05 05:28,4709,4861,152
BR7-03132,2015-08-06 05:25,4743,4860,117
BR7-03132,2015-08-07 04:50,4722,4854,132
BR7-03132,2015-08-08 04:51,4721,4858,137
BR7-03132,2015-08-09 04:51,4704,4860,156
BR7-03132,2015-08-10 12:01,4670,4842,172
BR7-03132,2015-08-11 04:52,4734,4859,125
BR7-03132,2015-08-12 04:58,4712,4853,141
BR7-03132,2015-08-13 04:48,4705,4839,134
BR7-03132,2015-08-14 04:49,4566,4853,287
BR7-03132,2015-08-15 04:48,4687,4862,175
BR7-03132,2015-08-16 13:54,4600,4863,263
BR7-03132,2015-08-17 04:46,4790,4861,71
BR7-03132,2015-08-18 09:27,4688,4851,163
BR7-03132,2015-08-19 04:47,4740,4857,117
BR7-03132,2015-08-20 04:47,4753,4857,104
BR7-03132,2015-08-21 10:39,4628,4628,0
BR7-03132,2015-08-21 15:47,4594,4852,258
BR7-03132,2015-08-22 04:45,4838,4862,24
BR7-03132,2015-08-23 13:52,4610,4849,239
BR7-03132,2015-08-24 08:46,4752,4859,107
BR7-03132,2015-08-25 04:46,4787,4850,63
BR7-03132,2015-08-26 04:47,4690,4851,161
BR7-03132,2015-08-27 04:47,4705,4853,148
BR7-03133,2015-07-17 14:27,4920,4920,0
BR7-03133,2015-07-18 04:59,4868,4868,0
BR7-03133,2015-07-19 04:58,4775,4863,88
BR7-03133,2015-07-20 05:00,4765,4865,100
BR7-03133,2015-07-21 04:58,4762,4863,101
BR7-03133,2015-07-22 05:05,4757,4862,105
BR7-03133,2015-07-23 05:05,4736,4862,126
BR7-03133,2015-07-24 05:08,4728,4863,135
BR7-03133,2015-07-25 05:00,4766,4858,92
BR7-03133,2015-07-26 05:07,4721,4855,134
BR7-03133,2015-07-27 05:06,4669,4864,195
BR7-03133,2015-07-28 04:55,4698,4862,164
BR7-03133,2015-07-29 05:04,4678,4714,36
BR7-03133,2015-07-30 05:08,4544,4533,-11
BR7-03133,2015-07-31 05:09,4299,4281,582
BR7-03133,2015-08-01 04:55,4610,4604,-6
BR7-03133,2015-08-02 04:54,4302,4295,-7
BR7-03133,2015-08-03 04:56,3989,4000,911
BR7-03133,2015-08-04 04:56,4586,4848,262
BR7-03133,2015-08-05 05:34,4501,4853,352
BR7-03133,2015-08-06 05:31,4535,4704,319
BR7-03133,2015-08-07 04:56,4379,4820,741
BR7-03133,2015-08-08 04:57,4372,4841,469
BR7-03133,2015-08-09 04:57,4431,4851,420
BR7-03133,2015-08-10 12:08,4463,4531,68
BR7-03133,2015-08-11 04:58,4298,4268,570
BR7-03133,2015-08-12 05:04,4403,4845,442
BR7-03133,2015-08-13 04:55,4435,4840,405
BR7-03133,2015-08-14 04:55,4424,4848,424
BR7-03133,2015-08-15 04:53,4415,4849,434
BR7-03133,2015-08-16 14:01,4316,4852,536
BR7-03133,2015-08-17 04:50,4662,4858,196
BR7-03133,2015-08-18 09:34,4399,4837,438
BR7-03133,2015-08-19 04:52,4571,4857,286
BR7-03133,2015-08-20 04:53,4494,4833,339
BR7-03133,2015-08-21 10:46,4383,4380,-3
BR7-03133,2015-08-21 15:55,4254,4838,584
BR7-03133,2015-08-22 04:49,4729,4857,128
BR7-03133,2015-08-23 13:58,4396,4827,431
BR7-03133,2015-08-24 08:51,4600,4855,255
BR7-03133,2015-08-25 04:51,4593,4845,252
BR7-03133,2015-08-26 04:53,4493,4844,351
BR7-03133,2015-08-27 04:53,4491,4855,364
BR7-03134,2015-07-17 14:31,4872,4872,0
BR7-03134,2015-07-18 05:03,4834,4864,30
BR7-03134,2015-07-19 05:02,4795,4865,70
BR7-03134,2015-07-20 05:04,4789,4863,74
BR7-03134,2015-07-21 05:02,4789,4863,74
BR7-03134,2015-07-22 05:09,4784,4866,82
BR7-03134,2015-07-23 05:09,4779,4859,80
BR7-03134,2015-07-24 05:13,4772,4863,91
BR7-03134,2015-07-25 05:05,4777,4863,86
BR7-03134,2015-07-26 05:12,4745,4861,116
BR7-03134,2015-07-27 05:10,4749,4864,115
BR7-03134,2015-07-28 05:00,4720,4862,142
BR7-03134,2015-07-29 05:09,4697,4854,157
BR7-03134,2015-07-30 05:13,4672,4852,180
BR7-03134,2015-07-31 05:14,4620,4850,230
BR7-03134,2015-08-01 05:00,4614,4856,242
BR7-03134,2015-08-02 04:59,4659,4851,192
BR7-03134,2015-08-03 05:01,4532,4854,322
BR7-03134,2015-08-04 05:01,4534,4845,311
BR7-03134,2015-08-05 05:40,4540,4849,309
BR7-03134,2015-08-06 05:36,4543,4847,304
BR7-03134,2015-08-07 05:02,4492,4829,337
BR7-03134,2015-08-08 05:03,4517,4517,350
BR7-03134,2015-08-09 05:03,4579,4687,308
BR7-03134,2015-08-10 12:15,4344,4846,652
BR7-03134,2015-08-11 05:03,4781,4861,80
BR7-03134,2015-08-12 05:10,4472,4850,378
BR7-03134,2015-08-13 05:01,4485,4849,364
BR7-03134,2015-08-14 05:01,4507,4856,349
BR7-03134,2015-08-15 05:00,4537,4856,319
BR7-03134,2015-08-16 14:08,4316,4848,532
BR7-03134,2015-08-17 04:55,4714,4859,145
BR7-03134,2015-08-18 09:40,4437,4834,397
BR7-03134,2015-08-19 04:58,4592,4852,260
BR7-03134,2015-08-20 04:59,4557,4839,282
BR7-03134,2015-08-21 10:53,4427,4426,-1
BR7-03134,2015-08-21 16:03,4316,4846,530
BR7-03134,2015-08-22 04:54,4761,4856,95
BR7-03134,2015-08-23 14:05,4412,4836,424
BR7-03134,2015-08-24 08:56,4571,4846,275
BR7-03134,2015-08-25 04:56,4611,4840,229
BR7-03134,2015-08-26 04:59,4554,4835,281
BR7-03134,2015-08-27 04:58,4561,4841,280
BR7-04111,2015-07-17 14:19,4857,4864,7
BR7-04111,2015-07-18 04:50,4824,4862,38
BR7-04111,2015-07-19 04:47,4787,4864,77
BR7-04111,2015-07-20 04:50,4787,4865,78
BR7-04111,2015-07-21 04:47,4790,4864,74
BR7-04111,2015-07-22 04:54,4790,4864,74
BR7-04111,2015-07-23 04:54,4787,4861,74
BR7-04111,2015-07-24 04:58,4781,4866,85
BR7-04111,2015-07-25 04:50,4791,4864,73
BR7-04111,2015-07-26 04:56,4774,4862,88
BR7-04111,2015-07-27 04:55,4778,4864,86
BR7-04111,2015-07-28 04:44,4776,4862,86
BR7-04111,2015-07-29 04:52,4755,4861,106
BR7-04111,2015-07-30 04:57,4756,4856,100
BR7-04111,2015-07-31 04:57,4752,4857,105
BR7-04111,2015-08-01 04:42,4720,4859,139
BR7-04111,2015-08-02 04:42,4727,4856,129
BR7-04111,2015-08-03 04:42,4681,4863,182
BR7-04111,2015-08-04 04:42,4673,4852,179
BR7-04111,2015-08-05 05:20,4655,4858,203
BR7-04111,2015-08-06 05:17,4643,4857,214
BR7-04111,2015-08-07 04:42,4641,4846,205
BR7-04111,2015-08-08 04:42,4595,4852,257
BR7-04111,2015-08-09 04:42,4610,4856,246
BR7-04111,2015-08-10 11:50,4466,4856,390
BR7-04111,2015-08-11 04:44,4683,4861,178
BR7-04111,2015-08-12 04:49,4553,4854,301
BR7-04111,2015-08-13 04:39,4544,4851,307
BR7-04111,2015-08-14 04:39,4537,4855,318
BR7-04111,2015-08-15 04:39,4555,4852,297
BR7-04111,2015-08-16 13:43,4302,4856,554
BR7-04111,2015-08-17 04:38,4752,4858,106
BR7-04111,2015-08-18 09:18,4461,4833,372
BR7-04111,2015-08-19 04:39,4601,4857,256
BR7-04111,2015-08-20 04:39,4535,4832,297
BR7-04111,2015-08-21 10:29,4385,4456,71
BR7-04111,2015-08-21 15:36,4324,4848,524
BR7-04111,2015-08-22 04:38,4787,4853,66
BR7-04111,2015-08-23 13:42,4317,4835,518
BR7-04111,2015-08-24 08:38,4619,4854,235
BR7-04111,2015-08-25 04:38,4621,4840,219
BR7-04111,2015-08-26 04:39,4521,4845,324
BR7-04111,2015-08-27 04:39,4528,4853,325
BR7-04112,2015-07-17 14:22,4861,4862,1
BR7-04112,2015-07-18 04:54,4822,4859,37
BR7-04112,2015-07-19 04:51,4781,4862,81
BR7-04112,2015-07-20 04:54,4783,4861,78
BR7-04112,2015-07-21 04:52,4780,4862,82
BR7-04112,2015-07-22 04:58,4783,4864,81
BR7-04112,2015-07-23 04:59,4774,4864,90
BR7-04112,2015-07-24 05:02,4770,4863,93
BR7-04112,2015-07-25 04:54,4783,4862,79
BR7-04112,2015-07-26 05:01,4767,4857,90
BR7-04112,2015-07-27 04:59,4771,4864,93
BR7-04112,2015-07-28 04:49,4777,4863,86
BR7-04112,2015-07-29 04:57,4757,4860,103
BR7-04112,2015-07-30 05:01,4753,4856,103
BR7-04112,2015-07-31 05:02,4747,4853,106
BR7-04112,2015-08-01 04:47,4724,4860,136
BR7-04112,2015-08-02 04:47,4735,4856,121
BR7-04112,2015-08-03 04:48,4699,4865,166
BR7-04112,2015-08-04 04:48,4686,4852,166
BR7-04112,2015-08-05 05:26,4671,4863,192
BR7-04112,2015-08-06 05:23,4681,4860,179
BR7-04112,2015-08-07 04:48,4656,4847,191
BR7-04112,2015-08-08 04:48,4607,4856,249
BR7-04112,2015-08-09 04:48,4614,4859,245
BR7-04112,2015-08-10 11:57,4493,4862,369
BR7-04112,2015-08-11 04:50,4693,4862,169
BR7-04112,2015-08-12 04:55,4561,4854,293
BR7-04112,2015-08-13 04:45,4511,4849,338
BR7-04112,2015-08-14 04:46,4502,4860,358
BR7-04112,2015-08-15 04:45,4536,4854,318
BR7-04112,2015-08-16 13:50,4275,4853,578
BR7-04112,2015-08-17 04:44,4695,4859,164
BR7-04112,2015-08-18 09:24,4429,4838,409
BR7-04112,2015-08-19 04:44,4632,4853,221
BR7-04112,2015-08-20 04:44,4461,4832,371
BR7-04112,2015-08-21 10:36,4327,4324,-3
BR7-04112,2015-08-21 15:44,4176,4840,664
BR7-04112,2015-08-22 04:42,4748,4858,110
BR7-04112,2015-08-23 13:48,4348,4827,479
BR7-04112,2015-08-24 08:43,4645,4848,203
BR7-04112,2015-08-25 04:44,4597,4843,246
BR7-04112,2015-08-26 04:45,4492,4846,354
BR7-04112,2015-08-27 04:44,4510,4856,346
BR7-04113,2015-07-17 14:26,4823,4863,40
BR7-04113,2015-07-18 04:57,4821,4862,41
BR7-04113,2015-07-19 04:56,4786,4862,76
BR7-04113,2015-07-20 04:58,4782,4862,80
BR7-04113,2015-07-21 04:56,4786,4865,79
BR7-04113,2015-07-22 05:03,4787,4864,77
BR7-04113,2015-07-23 05:03,4780,4863,83
BR7-04113,2015-07-24 05:06,4773,4864,91
BR7-04113,2015-07-25 04:58,4791,4863,72
BR7-04113,2015-07-26 05:05,4771,4859,88
BR7-04113,2015-07-27 05:04,4778,4866,88
BR7-04113,2015-07-28 04:53,4766,4863,97
BR7-04113,2015-07-29 05:02,4756,4861,105
BR7-04113,2015-07-30 05:06,4762,4859,97
BR7-04113,2015-07-31 05:07,4742,4857,115
BR7-04113,2015-08-01 04:52,4727,4861,134
BR7-04113,2015-08-02 04:52,4733,4857,124
BR7-04113,2015-08-03 04:53,4693,4862,169
BR7-04113,2015-08-04 04:53,4676,4851,175
BR7-04113,2015-08-05 05:31,4655,4857,202
BR7-04113,2015-08-06 05:28,4636,4856,220
BR7-04113,2015-08-07 04:53,4630,4846,216
BR7-04113,2015-08-08 04:54,4606,4850,244
BR7-04113,2015-08-09 04:54,4591,4855,264
BR7-04113,2015-08-10 12:05,4447,4847,400
BR7-04113,2015-08-11 04:55,4693,4860,167
BR7-04113,2015-08-12 05:01,4523,4850,327
BR7-04113,2015-08-13 04:52,4507,4846,339
BR7-04113,2015-08-14 04:52,4504,4858,354
BR7-04113,2015-08-15 04:51,4547,4857,310
BR7-04113,2015-08-16 13:57,4386,4857,471
BR7-04113,2015-08-17 04:48,4698,4859,161
BR7-04113,2015-08-18 09:31,4421,4837,416
BR7-04113,2015-08-19 04:50,4587,4858,271
BR7-04113,2015-08-20 04:50,4507,4840,333
BR7-04113,2015-08-21 10:43,4345,4345,0
BR7-04113,2015-08-21 15:51,4203,4852,649
BR7-04113,2015-08-22 04:47,4758,4857,99
BR7-04113,2015-08-23 13:55,4304,4837,533
BR7-04113,2015-08-24 08:48,4626,4857,231
BR7-04113,2015-08-25 04:49,4596,4846,250
BR7-04113,2015-08-26 04:50,4533,4852,319
BR7-04113,2015-08-27 04:50,4541,4853,312
BR7-04114,2015-07-17 14:29,4865,4865,0
BR7-04114,2015-07-18 05:01,4824,4862,38
BR7-04114,2015-07-19 05:00,4785,4861,76
BR7-04114,2015-07-20 05:02,4780,4863,83
BR7-04114,2015-07-21 05:00,4781,4865,84
BR7-04114,2015-07-22 05:07,4781,4864,83
BR7-04114,2015-07-23 05:07,4763,4862,99
BR7-04114,2015-07-24 05:11,4750,4863,113
BR7-04114,2015-07-25 05:03,4764,4863,99
BR7-04114,2015-07-26 05:10,4753,4860,107
BR7-04114,2015-07-27 05:08,4744,4862,118
BR7-04114,2015-07-28 04:58,4760,4863,103
BR7-04114,2015-07-29 05:06,4732,4860,128
BR7-04114,2015-07-30 05:11,4728,4855,127
BR7-04114,2015-07-31 05:12,4722,4854,132
BR7-04114,2015-08-01 04:57,4706,4859,153
BR7-04114,2015-08-02 04:57,4709,4859,150
BR7-04114,2015-08-03 04:59,4667,4863,196
BR7-04114,2015-08-04 04:59,4652,4854,202
BR7-04114,2015-08-05 05:37,4655,4860,205
BR7-04114,2015-08-06 05:34,4670,4859,189
BR7-04114,2015-08-07 04:59,4625,4845,220
BR7-04114,2015-08-08 05:00,4579,4846,267
BR7-04114,2015-08-09 05:00,4584,4856,272
BR7-04114,2015-08-10 12:11,4445,4853,408
BR7-04114,2015-08-11 05:00,4688,4860,172
BR7-04114,2015-08-12 05:08,4575,4854,279
BR7-04114,2015-08-13 04:58,4512,4852,340
BR7-04114,2015-08-14 04:59,4512,4856,344
BR7-04114,2015-08-15 04:57,4533,4857,324
BR7-04114,2015-08-16 14:05,4303,4849,546
BR7-04114,2015-08-17 04:53,4710,4862,152
BR7-04114,2015-08-18 09:37,4454,4838,384
BR7-04114,2015-08-19 04:55,4553,4853,300
BR7-04114,2015-08-20 04:56,4504,4837,333
BR7-04114,2015-08-21 10:49,4352,4348,-4
BR7-04114,2015-08-21 15:59,4194,4841,647
BR7-04114,2015-08-22 04:52,4757,4857,100
BR7-04114,2015-08-23 14:02,4354,4830,476
BR7-04114,2015-08-24 08:54,4587,4851,264
BR7-04114,2015-08-25 04:54,4557,4844,287
BR7-04114,2015-08-26 04:56,4494,4841,347
BR7-04114,2015-08-27 04:56,4490,4854,364
BR7-04121,2015-07-17 14:18,4915,4915,0
BR7-04121,2015-07-18 04:49,4874,4874,0
BR7-04121,2015-07-19 04:46,4802,4865,63
BR7-04121,2015-07-20 04:48,4792,4862,70
BR7-04121,2015-07-21 04:46,4787,4863,76
BR7-04121,2015-07-22 04:53,4789,4864,75
BR7-04121,2015-07-23 04:53,4777,4861,84
BR7-04121,2015-07-24 04:56,4763,4864,101
BR7-04121,2015-07-25 04:48,4781,4863,82
BR7-04121,2015-07-26 04:55,4763,4859,96
BR7-04121,2015-07-27 04:53,4769,4866,97
BR7-04121,2015-07-28 04:43,4779,4865,86
BR7-04121,2015-07-29 04:51,4755,4857,102
BR7-04121,2015-07-30 04:55,4751,4857,106
BR7-04121,2015-07-31 04:56,4759,4855,96
BR7-04121,2015-08-01 04:40,4727,4861,134
BR7-04121,2015-08-02 04:40,4737,4860,123
BR7-04121,2015-08-03 04:40,4704,4860,156
BR7-04121,2015-08-04 04:40,4691,4852,161
BR7-04121,2015-08-05 05:18,4697,4861,164
BR7-04121,2015-08-06 05:15,4716,4862,146
BR7-04121,2015-08-07 04:40,4684,4847,163
BR7-04121,2015-08-08 04:40,4638,4856,218
BR7-04121,2015-08-09 04:40,4649,4863,214
BR7-04121,2015-08-10 11:48,4546,4866,320
BR7-04121,2015-08-11 04:43,4720,4863,143
BR7-04121,2015-08-12 04:47,4628,4861,233
BR7-04121,2015-08-13 04:37,4588,4849,261
BR7-04121,2015-08-14 04:37,4562,4862,300
BR7-04121,2015-08-15 04:37,4591,4856,265
BR7-04121,2015-08-16 13:40,4381,4850,469
BR7-04121,2015-08-17 04:37,4714,4856,142
BR7-04121,2015-08-18 09:16,4506,4837,331
BR7-04121,2015-08-19 04:37,4608,4860,252
BR7-04121,2015-08-20 04:37,4586,4834,248
BR7-04121,2015-08-21 10:27,4398,4830,432
BR7-04121,2015-08-21 15:35,4680,4857,177
BR7-04121,2015-08-22 04:37,4767,4853,86
BR7-04121,2015-08-23 13:39,4368,4837,469
BR7-04121,2015-08-24 08:36,4590,4855,265
BR7-04121,2015-08-25 04:37,4607,4843,236
BR7-04121,2015-08-26 04:37,4527,4846,319
BR7-04121,2015-08-27 04:37,4507,4858,351
BR7-04122,2015-07-17 14:21,4935,4935,0
BR7-04122,2015-07-18 04:53,4892,4892,0
BR7-04122,2015-07-19 04:50,4818,4862,44
BR7-04122,2015-07-20 04:52,4784,4861,77
BR7-04122,2015-07-21 04:50,4785,4865,80
BR7-04122,2015-07-22 04:57,4790,4866,76
BR7-04122,2015-07-23 04:57,4784,4861,77
BR7-04122,2015-07-24 05:00,4775,4866,91
BR7-04122,2015-07-25 04:53,4785,4862,77
BR7-04122,2015-07-26 04:59,4768,4858,90
BR7-04122,2015-07-27 04:58,4780,4859,79
BR7-04122,2015-07-28 04:47,4745,4863,118
BR7-04122,2015-07-29 04:55,4748,4858,110
BR7-04122,2015-07-30 05:00,4741,4856,115
BR7-04122,2015-07-31 05:00,4728,4851,123
BR7-04122,2015-08-01 04:45,4705,4855,150
BR7-04122,2015-08-02 04:45,4703,4857,154
BR7-04122,2015-08-03 04:46,4658,4862,204
BR7-04122,2015-08-04 04:46,4643,4848,205
BR7-04122,2015-08-05 05:24,4614,4861,247
BR7-04122,2015-08-06 05:21,4589,4855,266
BR7-04122,2015-08-07 04:46,4581,4838,257
BR7-04122,2015-08-08 04:46,4535,4851,316
BR7-04122,2015-08-09 04:46,4552,4859,307
BR7-04122,2015-08-10 11:55,4427,4852,425
BR7-04122,2015-08-11 04:48,4638,4861,223
BR7-04122,2015-08-12 04:54,4509,4849,340
BR7-04122,2015-08-13 04:43,4538,4834,296
BR7-04122,2015-08-14 04:43,4354,4852,498
BR7-04122,2015-08-15 04:43,4496,4858,362
BR7-04122,2015-08-16 13:48,4252,4850,598
BR7-04122,2015-08-17 04:42,4688,4856,168
BR7-04122,2015-08-18 09:22,4425,4830,405
BR7-04122,2015-08-19 04:42,4602,4860,258
BR7-04122,2015-08-20 04:43,4492,4839,347
BR7-04122,2015-08-21 10:34,4338,4334,-4
BR7-04122,2015-08-21 15:41,4199,4837,638
BR7-04122,2015-08-22 04:41,4745,4848,103
BR7-04122,2015-08-23 13:46,4320,4755,435
BR7-04122,2015-08-24 08:42,4535,4798,263
BR7-04122,2015-08-25 04:42,4546,4802,256
BR7-04122,2015-08-26 04:43,4489,4739,250
BR7-04122,2015-08-27 04:43,4863,4863,0
BR7-04123,2015-07-17 14:24,4879,4879,0
BR7-04123,2015-07-18 04:56,4834,4862,28
BR7-04123,2015-07-19 04:54,4785,4866,81
BR7-04123,2015-07-20 04:57,4784,4863,79
BR7-04123,2015-07-21 04:54,4786,4860,74
BR7-04123,2015-07-22 05:01,4784,4864,80
BR7-04123,2015-07-23 05:02,4777,4861,84
BR7-04123,2015-07-24 05:05,4775,4863,88
BR7-04123,2015-07-25 04:57,4789,4864,75
BR7-04123,2015-07-26 05:04,4774,4859,85
BR7-04123,2015-07-27 05:02,4776,4864,88
BR7-04123,2015-07-28 04:52,4766,4861,95
BR7-04123,2015-07-29 05:00,4756,4860,104
BR7-04123,2015-07-30 05:05,4751,4862,111
BR7-04123,2015-07-31 05:06,4747,4852,105
BR7-04123,2015-08-01 04:50,4718,4859,141
BR7-04123,2015-08-02 04:50,4726,4857,131
BR7-04123,2015-08-03 04:51,4686,4862,176
BR7-04123,2015-08-04 04:51,4663,4853,190
BR7-04123,2015-08-05 05:29,4638,4858,220
BR7-04123,2015-08-06 05:26,4587,4855,268
BR7-04123,2015-08-07 04:51,4610,4844,234
BR7-04123,2015-08-08 04:52,4554,4852,298
BR7-04123,2015-08-09 04:52,4567,4859,292
BR7-04123,2015-08-10 12:02,4425,4853,428
BR7-04123,2015-08-11 04:53,4692,4863,171
BR7-04123,2015-08-12 04:59,4514,4851,337
BR7-04123,2015-08-13 04:50,4513,4843,330
BR7-04123,2015-08-14 04:50,4444,4852,408
BR7-04123,2015-08-15 04:49,4505,4855,350
BR7-04123,2015-08-16 13:55,4370,4841,471
BR7-04123,2015-08-17 04:47,4700,4850,150
BR7-04123,2015-08-18 09:28,4342,4826,484
BR7-04123,2015-08-19 04:48,4568,4852,284
BR7-04123,2015-08-20 04:48,4513,4828,315
BR7-04123,2015-08-21 10:40,4366,4358,-8
BR7-04123,2015-08-21 15:49,4207,4844,637
BR7-04123,2015-08-22 04:45,4772,4855,83
BR7-04123,2015-08-23 13:53,4292,4829,537
BR7-04123,2015-08-24 08:47,4615,4850,235
BR7-04123,2015-08-25 04:47,4600,4843,243
BR7-04123,2015-08-26 04:49,4504,4848,344
BR7-04123,2015-08-27 04:48,4513,4853,340
BR7-04124,2015-07-17 14:28,4892,4892,0
BR7-04124,2015-07-18 05:00,4840,4863,23
BR7-04124,2015-07-19 04:58,4774,4863,89
BR7-04124,2015-07-20 05:01,4771,4861,90
BR7-04124,2015-07-21 04:59,4763,4863,100
BR7-04124,2015-07-22 05:06,4766,4863,97
BR7-04124,2015-07-23 05:06,4742,4863,121
BR7-04124,2015-07-24 05:09,4724,4862,138
BR7-04124,2015-07-25 05:01,4759,4862,103
BR7-04124,2015-07-26 05:08,4720,4858,138
BR7-04124,2015-07-27 05:07,4742,4864,122
BR7-04124,2015-07-28 04:56,4759,4859,100
BR7-04124,2015-07-29 05:05,4709,4861,152
BR7-04124,2015-07-30 05:09,4713,4857,144
BR7-04124,2015-07-31 05:11,4707,4851,144
BR7-04124,2015-08-01 04:56,4680,4860,180
BR7-04124,2015-08-02 04:55,4695,4857,162
BR7-04124,2015-08-03 04:57,4641,4859,218
BR7-04124,2015-08-04 04:57,4630,4852,222
BR7-04124,2015-08-05 05:35,4649,4858,209
BR7-04124,2015-08-06 05:32,4669,4861,192
BR7-04124,2015-08-07 04:57,4619,4846,227
BR7-04124,2015-08-08 04:58,4561,4853,292
BR7-04124,2015-08-09 04:58,4572,4855,283
BR7-04124,2015-08-10 12:09,4432,4852,420
BR7-04124,2015-08-11 04:59,4686,4860,174
BR7-04124,2015-08-12 05:06,4542,4852,310
BR7-04124,2015-08-13 04:56,4448,4845,397
BR7-04124,2015-08-14 04:56,4511,4721,360
BR7-04124,2015-08-15 04:55,4453,4853,400
BR7-04124,2015-08-16 14:02,4299,4848,549
BR7-04124,2015-08-17 04:51,4668,4859,191
BR7-04124,2015-08-18 09:35,4642,4823,181
BR7-04124,2015-08-19 04:53,4411,4846,435
BR7-04124,2015-08-20 04:54,4828,4808,-20
BR7-04124,2015-08-21 10:47,4089,4071,-18
BR7-04124,2015-08-21 15:56,4043,4036,-7
BR7-04124,2015-08-22 04:50,4031,4024,-7
BR7-04124,2015-08-23 14:00,4594,4849,255
BR7-04124,2015-08-24 08:52,4667,4855,188
BR7-04124,2015-08-25 04:52,4592,4845,253
BR7-04124,2015-08-26 04:54,4494,4850,356
BR7-04124,2015-08-27 04:54,4487,4854,367
BR7-04131,2015-07-17 14:19,4927,4927,0
BR7-04131,2015-07-18 04:51,4885,4885,0
BR7-04131,2015-07-19 04:48,4811,4864,53
BR7-04131,2015-07-20 04:50,4789,4862,73
BR7-04131,2015-07-21 04:48,4785,4865,80
BR7-04131,2015-07-22 04:55,4789,4865,76
BR7-04131,2015-07-23 04:55,4787,4863,76
BR7-04131,2015-07-24 04:58,4777,4864,87
BR7-04131,2015-07-25 04:50,4787,4862,75
BR7-04131,2015-07-26 04:57,4768,4861,93
BR7-04131,2015-07-27 04:55,4774,4864,90
BR7-04131,2015-07-28 04:45,4763,4864,101
BR7-04131,2015-07-29 04:53,4755,4859,104
BR7-04131,2015-07-30 04:57,4747,4857,110
BR7-04131,2015-07-31 04:58,4740,4854,114
BR7-04131,2015-08-01 04:43,4719,4860,141
BR7-04131,2015-08-02 04:42,4720,4858,138
BR7-04131,2015-08-03 04:43,4682,4857,175
BR7-04131,2015-08-04 04:43,4652,4850,198
BR7-04131,2015-08-05 05:20,4626,4859,233
BR7-04131,2015-08-06 05:17,4594,4852,258
BR7-04131,2015-08-07 04:42,4607,4841,234
BR7-04131,2015-08-08 04:43,4569,4850,281
BR7-04131,2015-08-09 04:43,4580,4858,278
BR7-04131,2015-08-10 11:51,4458,4860,402
BR7-04131,2015-08-11 04:45,4695,4861,166
BR7-04131,2015-08-12 04:50,4530,4858,328
BR7-04131,2015-08-13 04:40,4526,4852,326
BR7-04131,2015-08-14 04:40,4526,4859,333
BR7-04131,2015-08-15 04:40,4582,4858,276
BR7-04131,2015-08-16 13:44,4328,4850,522
BR7-04131,2015-08-17 04:39,4722,4860,138
BR7-04131,2015-08-18 09:19,4574,4821,247
BR7-04131,2015-08-19 04:40,4592,4857,265
BR7-04131,2015-08-20 04:40,4525,4846,321
BR7-04131,2015-08-21 10:30,4437,4434,-3
BR7-04131,2015-08-21 15:37,4313,4859,546
BR7-04131,2015-08-22 04:39,4773,4862,89
BR7-04131,2015-08-23 13:43,4363,4346,-17
BR7-04131,2015-08-24 08:38,4125,4837,712
BR7-04131,2015-08-25 04:39,4702,4688,-14
BR7-04131,2015-08-26 04:40,4443,4850,407
BR7-04131,2015-08-27 04:40,4554,4860,306
BR7-04132,2015-07-17 14:23,4903,4903,0
BR7-04132,2015-07-18 04:54,4854,4862,8
BR7-04132,2015-07-19 04:52,4777,4860,83
BR7-04132,2015-07-20 04:54,4772,4861,89
BR7-04132,2015-07-21 04:52,4771,4863,92
BR7-04132,2015-07-22 04:59,4772,4863,91
BR7-04132,2015-07-23 04:59,4752,4861,109
BR7-04132,2015-07-24 05:02,4741,4863,122
BR7-04132,2015-07-25 04:55,4755,4862,107
BR7-04132,2015-07-26 05:01,4733,4860,127
BR7-04132,2015-07-27 05:00,4741,4864,123
BR7-04132,2015-07-28 04:49,4753,4865,112
BR7-04132,2015-07-29 04:58,4715,4854,139
BR7-04132,2015-07-30 05:02,4704,4851,147
BR7-04132,2015-07-31 05:03,4700,4854,154
BR7-04132,2015-08-01 04:48,4667,4857,190
BR7-04132,2015-08-02 04:47,4672,4856,184
BR7-04132,2015-08-03 04:48,4621,4861,240
BR7-04132,2015-08-04 04:48,4594,4848,254
BR7-04132,2015-08-05 05:26,4581,4857,276
BR7-04132,2015-08-06 05:23,4594,4858,264
BR7-04132,2015-08-07 04:48,4562,4838,276
BR7-04132,2015-08-08 04:49,4500,4845,345
BR7-04132,2015-08-09 04:49,4525,4857,332
BR7-04132,2015-08-10 11:58,4380,4856,476
BR7-04132,2015-08-11 04:51,4657,4860,203
BR7-04132,2015-08-12 04:56,4511,4853,342
BR7-04132,2015-08-13 04:46,4462,4849,387
BR7-04132,2015-08-14 04:47,4441,4860,419
BR7-04132,2015-08-15 04:46,4488,4857,369
BR7-04132,2015-08-16 13:51,4250,4853,603
BR7-04132,2015-08-17 04:44,4693,4859,166
BR7-04132,2015-08-18 09:25,4459,4839,380
BR7-04132,2015-08-19 04:45,4591,4860,269
BR7-04132,2015-08-20 04:45,4505,4841,336
BR7-04132,2015-08-21 10:37,4368,4367,-1
BR7-04132,2015-08-21 15:45,4228,4844,616
BR7-04132,2015-08-22 04:43,4755,4861,106
BR7-04132,2015-08-23 13:49,4360,4841,481
BR7-04132,2015-08-24 08:44,4606,4855,249
BR7-04132,2015-08-25 04:44,4588,4851,263
BR7-04132,2015-08-26 04:46,4541,4850,309
BR7-04132,2015-08-27 04:45,4528,4858,330
BR7-04133,2015-07-17 14:26,4819,4866,47
BR7-04133,2015-07-18 04:58,4825,4863,38
BR7-04133,2015-07-19 04:56,4785,4863,78
BR7-04133,2015-07-20 04:59,4782,4862,80
BR7-04133,2015-07-21 04:56,4784,4864,80
BR7-04133,2015-07-22 05:03,4785,4866,81
BR7-04133,2015-07-23 05:04,4771,4862,91
BR7-04133,2015-07-24 05:07,4755,4861,106
BR7-04133,2015-07-25 04:59,4786,4863,77
BR7-04133,2015-07-26 05:06,4760,4855,95
BR7-04133,2015-07-27 05:04,4756,4865,109
BR7-04133,2015-07-28 04:54,4760,4862,102
BR7-04133,2015-07-29 05:02,4735,4857,122
BR7-04133,2015-07-30 05:07,4733,4857,124
BR7-04133,2015-07-31 05:08,4737,4854,117
BR7-04133,2015-08-01 04:53,4697,4858,161
BR7-04133,2015-08-02 04:53,4725,4855,130
BR7-04133,2015-08-03 04:54,4682,4853,171
BR7-04133,2015-08-04 04:54,4628,4837,209
BR7-04133,2015-08-05 05:32,4627,4858,231
BR7-04133,2015-08-06 05:29,4634,4853,219
BR7-04133,2015-08-07 04:54,4604,4842,238
BR7-04133,2015-08-08 04:55,4546,4853,307
BR7-04133,2015-08-09 04:55,4547,4855,308
BR7-04133,2015-08-10 12:05,4473,4853,380
BR7-04133,2015-08-11 04:56,4677,4860,183
BR7-04133,2015-08-12 05:02,4528,4852,324
BR7-04133,2015-08-13 04:53,4504,4846,342
BR7-04133,2015-08-14 04:53,4500,4850,350
BR7-04133,2015-08-15 04:51,4444,4848,404
BR7-04133,2015-08-16 13:58,4319,4849,530
BR7-04133,2015-08-17 04:49,4666,4861,195
BR7-04133,2015-08-18 09:31,4410,4822,412
BR7-04133,2015-08-19 04:50,4583,4855,272
BR7-04133,2015-08-20 04:51,4518,4835,317
BR7-04133,2015-08-21 10:43,4329,4322,-7
BR7-04133,2015-08-21 15:52,4203,4845,642
BR7-04133,2015-08-22 04:47,4764,4853,89
BR7-04133,2015-08-23 13:56,4325,4821,496
BR7-04133,2015-08-24 08:49,4600,4841,241
BR7-04133,2015-08-25 04:49,4557,4835,278
BR7-04133,2015-08-26 04:51,4538,4826,288
BR7-04133,2015-08-27 04:51,4521,4837,316
BR7-04134,2015-07-17 14:30,4898,4898,0
BR7-04134,2015-07-18 05:01,4856,4863,7
BR7-04134,2015-07-19 05:00,4788,4864,76
BR7-04134,2015-07-20 05:03,4786,4867,81
BR7-04134,2015-07-21 05:01,4793,4864,71
BR7-04134,2015-07-22 05:08,4791,4863,72
BR7-04134,2015-07-23 05:08,4782,4862,80
BR7-04134,2015-07-24 05:11,4778,4865,87
BR7-04134,2015-07-25 05:03,4793,4864,71
BR7-04134,2015-07-26 05:11,4774,4863,89
BR7-04134,2015-07-27 05:09,4781,4866,85
BR7-04134,2015-07-28 04:58,4773,4865,92
BR7-04134,2015-07-29 05:07,4756,4859,103
BR7-04134,2015-07-30 05:12,4749,4860,111
BR7-04134,2015-07-31 05:13,4741,4855,114
BR7-04134,2015-08-01 04:58,4727,4859,132
BR7-04134,2015-08-02 04:58,4729,4861,132
BR7-04134,2015-08-03 05:00,4702,4861,159
BR7-04134,2015-08-04 05:00,4678,4852,174
BR7-04134,2015-08-05 05:38,4696,4856,160
BR7-04134,2015-08-06 05:35,4684,4856,172
BR7-04134,2015-08-07 05:00,4640,4850,210
BR7-04134,2015-08-08 05:01,4646,4853,207
BR7-04134,2015-08-09 05:01,4646,4861,215
BR7-04134,2015-08-10 12:12,4559,4846,287
BR7-04134,2015-08-11 05:01,4687,4857,170
BR7-04134,2015-08-12 05:08,4591,4853,262
BR7-04134,2015-08-13 04:59,4552,4852,300
BR7-04134,2015-08-14 04:59,4552,4854,302
BR7-04134,2015-08-15 04:58,4590,4854,264
BR7-04134,2015-08-16 14:06,4319,4848,529
BR7-04134,2015-08-17 04:54,4746,4859,113
BR7-04134,2015-08-18 09:38,4432,4830,398
BR7-04134,2015-08-19 04:56,4593,4851,258
BR7-04134,2015-08-20 04:57,4514,4824,310
BR7-04134,2015-08-21 10:50,4329,4328,-1
BR7-04134,2015-08-21 16:00,4186,4840,654
BR7-04134,2015-08-22 04:52,4779,4852,73
BR7-04134,2015-08-23 14:03,4307,4818,511
BR7-04134,2015-08-24 08:54,4753,4851,98
BR7-04134,2015-08-25 04:55,4428,4823,395
BR7-04134,2015-08-26 04:57,4446,4839,393
BR7-04134,2015-08-27 04:57,4639,4847,208
BR7-05111,2015-07-17 14:17,4875,4875,0
BR7-05111,2015-07-18 04:49,4832,4862,30
BR7-05111,2015-07-19 04:46,4788,4862,74
BR7-05111,2015-07-20 04:48,4785,4860,75
BR7-05111,2015-07-21 04:46,4780,4864,84
BR7-05111,2015-07-22 04:52,4780,4867,87
BR7-05111,2015-07-23 04:53,4766,4859,93
BR7-05111,2015-07-24 04:56,4743,4862,119
BR7-05111,2015-07-25 04:48,4760,4861,101
BR7-05111,2015-07-26 04:55,4731,4858,127
BR7-05111,2015-07-27 04:53,4734,4864,130
BR7-05111,2015-07-28 04:42,4768,4861,93
BR7-05111,2015-07-29 04:50,4667,4850,183
BR7-05111,2015-07-30 04:55,4667,4851,184
BR7-05111,2015-07-31 04:55,4661,4846,185
BR7-05111,2015-08-01 04:40,4631,4857,226
BR7-05111,2015-08-02 04:39,4632,4851,219
BR7-05111,2015-08-03 04:40,4565,4860,295
BR7-05111,2015-08-04 04:39,4530,4838,308
BR7-05111,2015-08-05 05:17,4520,4518,298
BR7-05111,2015-08-06 05:14,4564,4856,292
BR7-05111,2015-08-07 04:39,4591,4835,244
BR7-05111,2015-08-08 04:39,4479,4846,367
BR7-05111,2015-08-09 04:40,4499,4857,358
BR7-05111,2015-08-10 11:48,4284,4859,575
BR7-05111,2015-08-11 04:42,4862,4838,-24
BR7-05111,2015-08-12 04:47,4311,4844,533
BR7-05111,2015-08-13 04:37,4520,4834,314
BR7-05111,2015-08-14 04:37,4401,4858,457
BR7-05111,2015-08-15 04:37,4466,4860,394
BR7-05111,2015-08-16 13:40,4264,4859,595
BR7-05111,2015-08-17 04:36,4709,4858,149
BR7-05111,2015-08-18 09:16,4464,4833,369
BR7-05111,2015-08-19 04:37,4578,4865,287
BR7-05111,2015-08-20 04:36,4537,4843,306
BR7-05111,2015-08-21 10:27,4409,4836,427
BR7-05111,2015-08-21 15:34,4695,4862,167
BR7-05111,2015-08-22 04:36,4755,4860,105
BR7-05111,2015-08-23 13:39,4399,4838,439
BR7-05111,2015-08-24 08:36,4596,4855,259
BR7-05111,2015-08-25 04:36,4612,4841,229
BR7-05111,2015-08-26 04:36,4513,4839,326
BR7-05111,2015-08-27 04:36,4554,4861,307
BR7-05112,2015-07-17 14:21,4941,4941,0
BR7-05112,2015-07-18 04:52,4896,4896,0
BR7-05112,2015-07-19 04:50,4815,4864,49
BR7-05112,2015-07-20 04:52,4781,4863,82
BR7-05112,2015-07-21 04:50,4783,4862,79
BR7-05112,2015-07-22 04:57,4781,4863,82
BR7-05112,2015-07-23 04:57,4769,4862,93
BR7-05112,2015-07-24 05:00,4762,4864,102
BR7-05112,2015-07-25 04:52,4768,4865,97
BR7-05112,2015-07-26 04:59,4747,4858,111
BR7-05112,2015-07-27 04:57,4738,4865,127
BR7-05112,2015-07-28 04:47,4725,4863,138
BR7-05112,2015-07-29 04:55,4710,4854,144
BR7-05112,2015-07-30 04:59,4686,4853,167
BR7-05112,2015-07-31 05:00,4669,4852,183
BR7-05112,2015-08-01 04:45,4636,4860,224
BR7-05112,2015-08-02 04:45,4627,4852,225
BR7-05112,2015-08-03 04:45,4562,4856,294
BR7-05112,2015-08-04 04:45,4513,4842,329
BR7-05112,2015-08-05 05:23,4519,4851,332
BR7-05112,2015-08-06 05:20,4475,4845,370
BR7-05112,2015-08-07 04:45,4491,4832,341
BR7-05112,2015-08-08 04:46,4472,4847,375
BR7-05112,2015-08-09 04:46,4486,4852,366
BR7-05112,2015-08-10 11:55,4321,4842,521
BR7-05112,2015-08-11 04:47,4638,4855,217
BR7-05112,2015-08-12 04:53,4488,4840,352
BR7-05112,2015-08-13 04:43,4444,4844,400
BR7-05112,2015-08-14 04:43,4470,4856,386
BR7-05112,2015-08-15 04:43,4508,4854,346
BR7-05112,2015-08-16 13:47,4347,4858,511
BR7-05112,2015-08-17 04:41,4736,4862,126
BR7-05112,2015-08-18 09:22,4525,4845,320
BR7-05112,2015-08-19 04:42,4666,4862,196
BR7-05112,2015-08-20 04:42,4597,4843,246
BR7-05112,2015-08-21 10:33,4484,4484,0
BR7-05112,2015-08-21 15:41,4376,4857,481
BR7-05112,2015-08-22 04:41,4776,4862,86
BR7-05112,2015-08-23 13:46,4540,4839,299
BR7-05112,2015-08-24 08:41,4641,4857,216
BR7-05112,2015-08-25 04:42,4678,4848,170
BR7-05112,2015-08-26 04:43,4610,4851,241
BR7-05112,2015-08-27 04:42,4612,4860,248
BR7-05113,2015-07-17 14:24,4931,4931,0
BR7-05113,2015-07-18 04:56,4888,4888,0
BR7-05113,2015-07-19 04:54,4811,4863,52
BR7-05113,2015-07-20 04:56,4785,4864,79
BR7-05113,2015-07-21 04:54,4786,4864,78
BR7-05113,2015-07-22 05:01,4785,4865,80
BR7-05113,2015-07-23 05:01,4771,4860,89
BR7-05113,2015-07-24 05:05,4763,4865,102
BR7-05113,2015-07-25 04:57,4778,4863,85
BR7-05113,2015-07-26 05:04,4750,4857,107
BR7-05113,2015-07-27 05:02,4747,4865,118
BR7-05113,2015-07-28 04:51,4742,4863,121
BR7-05113,2015-07-29 05:00,4722,4858,136
BR7-05113,2015-07-30 05:04,4708,4855,147
BR7-05113,2015-07-31 05:05,4688,4852,164
BR7-05113,2015-08-01 04:50,4662,4860,198
BR7-05113,2015-08-02 04:50,4655,4855,200
BR7-05113,2015-08-03 04:51,4602,4857,255
BR7-05113,2015-08-04 04:51,4570,4840,270
BR7-05113,2015-08-05 05:29,4533,4853,320
BR7-05113,2015-08-06 05:26,4520,4850,330
BR7-05113,2015-08-07 04:51,4539,4836,297
BR7-05113,2015-08-08 04:52,4512,4845,333
BR7-05113,2015-08-09 04:52,4518,4798,280
BR7-05113,2015-08-10 12:02,4334,4320,36
BR7-05113,2015-08-11 04:53,4207,4830,623
BR7-05113,2015-08-12 04:59,4613,4808,195
BR7-05113,2015-08-13 04:49,4360,4836,876
BR7-05113,2015-08-14 04:50,4434,4854,820
BR7-05113,2015-08-15 04:48,4611,4860,249
BR7-05113,2015-08-16 13:55,4302,4861,559
BR7-05113,2015-08-17 04:46,4724,4861,137
BR7-05113,2015-08-18 09:28,4472,4839,367
BR7-05113,2015-08-19 04:47,4658,4857,199
BR7-05113,2015-08-20 04:48,4545,4840,295
BR7-05113,2015-08-21 10:40,4411,4409,-2
BR7-05113,2015-08-21 15:48,4286,4846,560
BR7-05113,2015-08-22 04:45,4756,4860,104
BR7-05113,2015-08-23 13:52,4381,4833,452
BR7-05113,2015-08-24 08:46,4641,4856,215
BR7-05113,2015-08-25 04:47,4628,4851,223
BR7-05113,2015-08-26 04:48,4559,4851,292
BR7-05113,2015-08-27 04:48,4554,4852,298
BR7-05114,2015-07-17 14:28,4802,4863,61
BR7-05114,2015-07-18 04:59,4810,4863,53
BR7-05114,2015-07-19 04:58,4766,4863,97
BR7-05114,2015-07-20 05:00,4761,4863,102
BR7-05114,2015-07-21 04:58,4761,4862,101
BR7-05114,2015-07-22 05:05,4757,4865,108
BR7-05114,2015-07-23 05:06,4734,4862,128
BR7-05114,2015-07-24 05:09,4712,4863,151
BR7-05114,2015-07-25 05:01,4768,4861,93
BR7-05114,2015-07-26 05:08,4686,4859,173
BR7-05114,2015-07-27 05:06,4722,4864,142
BR7-05114,2015-07-28 04:56,4734,4864,130
BR7-05114,2015-07-29 05:05,4705,4834,129
BR7-05114,2015-07-30 05:09,4670,4851,181
BR7-05114,2015-07-31 05:10,4653,4852,199
BR7-05114,2015-08-01 04:55,4658,4857,199
BR7-05114,2015-08-02 04:55,4649,4857,208
BR7-05114,2015-08-03 04:57,4599,4857,258
BR7-05114,2015-08-04 04:57,4585,4846,261
BR7-05114,2015-08-05 05:35,4617,4852,235
BR7-05114,2015-08-06 05:32,4598,4852,254
BR7-05114,2015-08-07 04:57,4565,4841,276
BR7-05114,2015-08-08 04:58,4541,4828,287
BR7-05114,2015-08-09 04:58,4558,4556,298
BR7-05114,2015-08-10 12:09,4386,4820,734
BR7-05114,2015-08-11 04:58,4843,4863,20
BR7-05114,2015-08-12 05:05,4537,4844,307
BR7-05114,2015-08-13 04:55,4445,4842,397
BR7-05114,2015-08-14 04:56,4430,4854,424
BR7-05114,2015-08-15 04:54,4466,4851,385
BR7-05114,2015-08-16 14:02,4238,4851,613
BR7-05114,2015-08-17 04:51,4703,4858,155
BR7-05114,2015-08-18 09:34,4410,4837,427
BR7-05114,2015-08-19 04:53,4578,4859,281
BR7-05114,2015-08-20 04:54,4501,4839,338
BR7-05114,2015-08-21 10:47,4370,4366,-4
BR7-05114,2015-08-21 15:56,4224,4221,-3
BR7-05114,2015-08-22 04:49,4154,4150,-4
BR7-05114,2015-08-23 13:59,4461,4836,375
BR7-05114,2015-08-24 08:52,4639,4851,212
BR7-05114,2015-08-25 04:52,4621,4804,183
BR7-05114,2015-08-26 04:54,4578,4798,220
BR7-05114,2015-08-27 04:53,4454,4822,368
BR7-05121,2015-07-17 14:19,4790,4862,72
BR7-05121,2015-07-18 04:50,4823,4861,38
BR7-05121,2015-07-19 04:48,4788,4862,74
BR7-05121,2015-07-20 04:50,4784,4862,78
BR7-05121,2015-07-21 04:48,4786,4863,77
BR7-05121,2015-07-22 04:54,4785,4867,82
BR7-05121,2015-07-23 04:55,4783,4861,78
BR7-05121,2015-07-24 04:58,4772,4863,91
BR7-05121,2015-07-25 04:50,4778,4863,85
BR7-05121,2015-07-26 04:57,4758,4857,99
BR7-05121,2015-07-27 04:55,4753,4865,112
BR7-05121,2015-07-28 04:44,4741,4863,122
BR7-05121,2015-07-29 04:53,4723,4856,133
BR7-05121,2015-07-30 04:57,4703,4857,154
BR7-05121,2015-07-31 04:57,4692,4853,161
BR7-05121,2015-08-01 04:42,4661,4859,198
BR7-05121,2015-08-02 04:42,4656,4856,200
BR7-05121,2015-08-03 04:42,4598,4858,260
BR7-05121,2015-08-04 04:42,4558,4842,284
BR7-05121,2015-08-05 05:20,4503,4859,356
BR7-05121,2015-08-06 05:17,4504,4857,353
BR7-05121,2015-08-07 04:42,4546,4834,288
BR7-05121,2015-08-08 04:42,4493,4851,358
BR7-05121,2015-08-09 04:43,4503,4860,357
BR7-05121,2015-08-10 11:51,4327,4851,524
BR7-05121,2015-08-11 04:45,4609,4863,254
BR7-05121,2015-08-12 04:50,4434,4845,411
BR7-05121,2015-08-13 04:40,4446,4840,394
BR7-05121,2015-08-14 04:40,4424,4855,431
BR7-05121,2015-08-15 04:39,4604,4586,242
BR7-05121,2015-08-16 13:43,4287,4269,-18
BR7-05121,2015-08-17 04:39,4147,4633,736
BR7-05121,2015-08-18 09:19,4445,4836,391
BR7-05121,2015-08-19 04:39,4617,4862,245
BR7-05121,2015-08-20 04:39,4553,4842,289
BR7-05121,2015-08-21 10:30,4479,4482,3
BR7-05121,2015-08-21 15:37,4358,4843,485
BR7-05121,2015-08-22 04:38,4748,4855,107
BR7-05121,2015-08-23 13:42,4345,4835,490
BR7-05121,2015-08-24 08:38,4645,4858,213
BR7-05121,2015-08-25 04:39,4622,4849,227
BR7-05121,2015-08-26 04:39,4530,4849,319
BR7-05121,2015-08-27 04:39,4520,4857,337
BR7-05122,2015-07-17 14:22,4859,4865,6
BR7-05122,2015-07-18 04:54,4817,4863,46
BR7-05122,2015-07-19 04:52,4775,4866,91
BR7-05122,2015-07-20 04:54,4772,4863,91
BR7-05122,2015-07-21 04:52,4768,4864,96
BR7-05122,2015-07-22 04:59,4765,4865,100
BR7-05122,2015-07-23 04:59,4749,4861,112
BR7-05122,2015-07-24 05:02,4732,4863,131
BR7-05122,2015-07-25 04:54,4747,4863,116
BR7-05122,2015-07-26 05:01,4718,4860,142
BR7-05122,2015-07-27 04:59,4725,4864,139
BR7-05122,2015-07-28 04:49,4725,4864,139
BR7-05122,2015-07-29 04:57,4689,4858,169
BR7-05122,2015-07-30 05:02,4671,4856,185
BR7-05122,2015-07-31 05:03,4653,4850,197
BR7-05122,2015-08-01 04:47,4619,4859,240
BR7-05122,2015-08-02 04:47,4615,4855,240
BR7-05122,2015-08-03 04:48,4551,4853,302
BR7-05122,2015-08-04 04:48,4494,4843,349
BR7-05122,2015-08-05 05:26,4548,4849,301
BR7-05122,2015-08-06 05:23,4643,4836,193
BR7-05122,2015-08-07 04:48,4441,4798,357
BR7-05122,2015-08-08 04:48,4421,4844,423
BR7-05122,2015-08-09 04:49,4471,4853,382
BR7-05122,2015-08-10 11:58,4277,4847,570
BR7-05122,2015-08-11 04:50,4640,4860,220
BR7-05122,2015-08-12 04:56,4449,4853,404
BR7-05122,2015-08-13 04:46,4498,4830,332
BR7-05122,2015-08-14 04:46,4449,4837,388
BR7-05122,2015-08-15 04:45,4490,4845,355
BR7-05122,2015-08-16 13:51,4239,4854,615
BR7-05122,2015-08-17 04:44,4722,4860,138
BR7-05122,2015-08-18 09:25,4463,4829,366
BR7-05122,2015-08-19 04:45,4602,4857,255
BR7-05122,2015-08-20 04:45,4539,4839,300
BR7-05122,2015-08-21 10:36,4407,4406,-1
BR7-05122,2015-08-21 15:44,4282,4851,569
BR7-05122,2015-08-22 04:43,4768,4859,91
BR7-05122,2015-08-23 13:49,4397,4836,439
BR7-05122,2015-08-24 08:44,4638,4856,218
BR7-05122,2015-08-25 04:44,4631,4842,211
BR7-05122,2015-08-26 04:45,4574,4846,272
BR7-05122,2015-08-27 04:45,4572,4855,283
BR7-05123,2015-07-17 14:26,4909,4909,0
BR7-05123,2015-07-18 04:58,4868,4868,0
BR7-05123,2015-07-19 04:56,4795,4864,69
BR7-05123,2015-07-20 04:58,4790,4864,74
BR7-05123,2015-07-21 04:56,4791,4861,70
BR7-05123,2015-07-22 05:03,4786,4865,79
BR7-05123,2015-07-23 05:03,4775,4861,86
BR7-05123,2015-07-24 05:07,4760,4864,104
BR7-05123,2015-07-25 04:59,4784,4865,81
BR7-05123,2015-07-26 05:06,4754,4863,109
BR7-05123,2015-07-27 05:04,4767,4862,95
BR7-05123,2015-07-28 04:53,4743,4863,120
BR7-05123,2015-07-29 05:02,4713,4857,144
BR7-05123,2015-07-30 05:07,4709,4856,147
BR7-05123,2015-07-31 05:07,4703,4851,148
BR7-05123,2015-08-01 04:52,4667,4859,192
BR7-05123,2015-08-02 04:52,4680,4858,178
BR7-05123,2015-08-03 04:54,4640,4862,222
BR7-05123,2015-08-04 04:54,4614,4848,234
BR7-05123,2015-08-05 05:32,4593,4855,262
BR7-05123,2015-08-06 05:29,4578,4857,279
BR7-05123,2015-08-07 04:54,4584,4840,256
BR7-05123,2015-08-08 04:54,4533,4849,316
BR7-05123,2015-08-09 04:54,4530,4857,327
BR7-05123,2015-08-10 12:05,4367,4854,487
BR7-05123,2015-08-11 04:56,4691,4690,169
BR7-05123,2015-08-12 05:02,4476,4842,366
BR7-05123,2015-08-13 04:52,4439,4848,409
BR7-05123,2015-08-14 04:53,4448,4854,406
BR7-05123,2015-08-15 04:51,4524,4852,328
BR7-05123,2015-08-16 13:58,4338,4856,518
BR7-05123,2015-08-17 04:49,4788,4855,67
BR7-05123,2015-08-18 09:31,4347,4829,482
BR7-05123,2015-08-19 04:50,4605,4853,248
BR7-05123,2015-08-20 04:51,4529,4839,310
BR7-05123,2015-08-21 10:43,4369,4368,-1
BR7-05123,2015-08-21 15:52,4263,4845,582
BR7-05123,2015-08-22 04:47,4777,4861,84
BR7-05123,2015-08-23 13:56,4353,4830,477
BR7-05123,2015-08-24 08:49,4651,4854,203
BR7-05123,2015-08-25 04:49,4604,4841,237
BR7-05123,2015-08-26 04:51,4554,4825,271
BR7-05123,2015-08-27 04:50,4479,4852,373
BR7-05124,2015-07-17 14:29,4916,4916,0
BR7-05124,2015-07-18 05:01,4867,4867,0
BR7-05124,2015-07-19 05:00,4781,4863,82
BR7-05124,2015-07-20 05:02,4772,4864,92
BR7-05124,2015-07-21 05:00,4775,4865,90
BR7-05124,2015-07-22 05:07,4775,4863,88
BR7-05124,2015-07-23 05:08,4760,4860,100
BR7-05124,2015-07-24 05:11,4752,4865,113
BR7-05124,2015-07-25 05:03,4766,4863,97
BR7-05124,2015-07-26 05:10,4741,4859,118
BR7-05124,2015-07-27 05:08,4746,4863,117
BR7-05124,2015-07-28 04:58,4742,4864,122
BR7-05124,2015-07-29 05:07,4722,4859,137
BR7-05124,2015-07-30 05:11,4705,4857,152
BR7-05124,2015-07-31 05:13,4688,4851,163
BR7-05124,2015-08-01 04:58,4656,4857,201
BR7-05124,2015-08-02 04:57,4644,4855,211
BR7-05124,2015-08-03 04:59,4584,4855,271
BR7-05124,2015-08-04 04:59,4574,4841,267
BR7-05124,2015-08-05 05:37,4523,4854,331
BR7-05124,2015-08-06 05:34,4536,4852,316
BR7-05124,2015-08-07 04:59,4571,4561,290
BR7-05124,2015-08-08 05:01,4512,4508,366
BR7-05124,2015-08-09 05:00,4559,4564,305
BR7-05124,2015-08-10 12:12,4205,4845,940
BR7-05124,2015-08-11 05:01,4993,4993,0
BR7-05124,2015-08-12 05:08,4562,4847,285
BR7-05124,2015-08-13 04:58,4443,4837,394
BR7-05124,2015-08-14 04:59,4412,4851,439
BR7-05124,2015-08-15 04:57,4470,4854,384
BR7-05124,2015-08-16 14:05,4270,4851,581
BR7-05124,2015-08-17 04:53,4766,4812,96
BR7-05124,2015-08-18 09:37,4454,4754,300
BR7-05124,2015-08-19 04:55,4519,4847,328
BR7-05124,2015-08-20 04:56,4505,4837,332
BR7-05124,2015-08-21 10:50,4372,4370,-2
BR7-05124,2015-08-21 16:00,4238,4849,611
BR7-05124,2015-08-22 04:52,4757,4861,104
BR7-05124,2015-08-23 14:02,4447,4846,399
BR7-05124,2015-08-24 08:54,4665,4855,190
BR7-05124,2015-08-25 04:54,4615,4847,232
BR7-05124,2015-08-26 04:57,4546,4851,305
BR7-05124,2015-08-27 04:56,4550,4856,306
BR7-05131,2015-07-17 14:18,4923,4923,0
BR7-05131,2015-07-18 04:50,4879,4879,0
BR7-05131,2015-07-19 04:47,4804,4863,59
BR7-05131,2015-07-20 04:49,4786,4863,77
BR7-05131,2015-07-21 04:47,4785,4862,77
BR7-05131,2015-07-22 04:54,4783,4865,82
BR7-05131,2015-07-23 04:54,4775,4861,86
BR7-05131,2015-07-24 04:57,4762,4865,103
BR7-05131,2015-07-25 04:49,4770,4867,97
BR7-05131,2015-07-26 04:56,4748,4858,110
BR7-05131,2015-07-27 04:54,4741,4865,124
BR7-05131,2015-07-28 04:44,4737,4861,124
BR7-05131,2015-07-29 04:52,4709,4858,149
BR7-05131,2015-07-30 04:56,4694,4857,163
BR7-05131,2015-07-31 04:57,4677,4851,174
BR7-05131,2015-08-01 04:41,4640,4858,218
BR7-05131,2015-08-02 04:41,4639,4855,216
BR7-05131,2015-08-03 04:41,4578,4862,284
BR7-05131,2015-08-04 04:41,4529,4838,309
BR7-05131,2015-08-05 05:19,4515,4853,338
BR7-05131,2015-08-06 05:16,4544,4856,312
BR7-05131,2015-08-07 04:41,4538,4833,295
BR7-05131,2015-08-08 04:41,4589,4829,240
BR7-05131,2015-08-09 04:41,4362,4853,491
BR7-05131,2015-08-10 11:49,4276,4846,570
BR7-05131,2015-08-11 04:44,4616,4855,239
BR7-05131,2015-08-12 04:48,4451,4847,396
BR7-05131,2015-08-13 04:38,4440,4840,400
BR7-05131,2015-08-14 04:38,4431,4848,417
BR7-05131,2015-08-15 04:38,4456,4853,397
BR7-05131,2015-08-16 13:42,4247,4856,609
BR7-05131,2015-08-17 04:38,4708,4858,150
BR7-05131,2015-08-18 09:17,4433,4835,402
BR7-05131,2015-08-19 04:38,4590,4863,273
BR7-05131,2015-08-20 04:38,4545,4840,295
BR7-05131,2015-08-21 10:29,4469,4829,360
BR7-05131,2015-08-21 15:36,4688,4853,165
BR7-05131,2015-08-22 04:38,4785,4858,73
BR7-05131,2015-08-23 13:41,4341,4830,489
BR7-05131,2015-08-24 08:37,4596,4849,253
BR7-05131,2015-08-25 04:38,4626,4842,216
BR7-05131,2015-08-26 04:38,4557,4847,290
BR7-05131,2015-08-27 04:38,4580,4857,277
BR7-05132,2015-07-17 14:22,4930,4930,0
BR7-05132,2015-07-18 04:53,4883,4883,0
BR7-05132,2015-07-19 04:51,4800,4862,62
BR7-05132,2015-07-20 04:53,4778,4863,85
BR7-05132,2015-07-21 04:51,4779,4861,82
BR7-05132,2015-07-22 04:58,4776,4865,89
BR7-05132,2015-07-23 04:58,4769,4860,91
BR7-05132,2015-07-24 05:01,4756,4862,106
BR7-05132,2015-07-25 04:53,4764,4862,98
BR7-05132,2015-07-26 05:00,4744,4857,113
BR7-05132,2015-07-27 04:59,4736,4865,129
BR7-05132,2015-07-28 04:48,4735,4861,126
BR7-05132,2015-07-29 04:56,4713,4857,144
BR7-05132,2015-07-30 05:01,4698,4854,156
BR7-05132,2015-07-31 05:02,4686,4850,164
BR7-05132,2015-08-01 04:46,4658,4857,199
BR7-05132,2015-08-02 04:46,4649,4857,208
BR7-05132,2015-08-03 04:47,4609,4860,251
BR7-05132,2015-08-04 04:47,4550,4842,292
BR7-05132,2015-08-05 05:25,4518,4856,338
BR7-05132,2015-08-06 05:22,4508,4849,341
BR7-05132,2015-08-07 04:47,4531,4833,302
BR7-05132,2015-08-08 04:47,4484,4846,362
BR7-05132,2015-08-09 04:47,4502,4857,355
BR7-05132,2015-08-10 11:56,4351,4843,492
BR7-05132,2015-08-11 04:49,4618,4860,242
BR7-05132,2015-08-12 04:55,4476,4850,374
BR7-05132,2015-08-13 04:45,4485,4848,363
BR7-05132,2015-08-14 04:45,4441,4854,413
BR7-05132,2015-08-15 04:44,4513,4854,341
BR7-05132,2015-08-16 13:49,4284,4854,570
BR7-05132,2015-08-17 04:43,4719,4860,141
BR7-05132,2015-08-18 09:23,4476,4833,357
BR7-05132,2015-08-19 04:44,4580,4860,280
BR7-05132,2015-08-20 04:44,4578,4842,264
BR7-05132,2015-08-21 10:35,4437,4431,-6
BR7-05132,2015-08-21 15:43,4304,4842,538
BR7-05132,2015-08-22 04:42,4767,4857,90
BR7-05132,2015-08-23 13:48,4383,4835,452
BR7-05132,2015-08-24 08:43,4645,4851,206
BR7-05132,2015-08-25 04:43,4613,4843,230
BR7-05132,2015-08-26 04:44,4569,4850,281
BR7-05132,2015-08-27 04:44,4596,4857,261
BR7-05133,2015-07-17 14:25,4851,4863,12
BR7-05133,2015-07-18 04:57,4823,4862,39
BR7-05133,2015-07-19 04:55,4786,4866,80
BR7-05133,2015-07-20 04:57,4784,4865,81
BR7-05133,2015-07-21 04:55,4779,4863,84
BR7-05133,2015-07-22 05:02,4776,4863,87
BR7-05133,2015-07-23 05:02,4761,4860,99
BR7-05133,2015-07-24 05:06,4750,4863,113
BR7-05133,2015-07-25 04:58,4767,4862,95
BR7-05133,2015-07-26 05:05,4736,4860,124
BR7-05133,2015-07-27 05:03,4732,4864,132
BR7-05133,2015-07-28 04:53,4714,4862,148
BR7-05133,2015-07-29 05:01,4696,4854,158
BR7-05133,2015-07-30 05:06,4677,4857,180
BR7-05133,2015-07-31 05:07,4694,4848,154
BR7-05133,2015-08-01 04:51,4651,4847,196
BR7-05133,2015-08-02 04:51,4636,4664,28
BR7-05133,2015-08-03 04:52,4350,4831,481
BR7-05133,2015-08-04 04:52,4458,4787,329
BR7-05133,2015-08-05 05:31,4363,4849,486
BR7-05133,2015-08-06 05:27,4455,4847,392
BR7-05133,2015-08-07 04:53,4510,4835,325
BR7-05133,2015-08-08 04:53,4508,4845,337
BR7-05133,2015-08-09 04:53,4494,4851,357
BR7-05133,2015-08-10 12:04,4307,4602,295
BR7-05133,2015-08-11 04:54,4379,4851,472
BR7-05133,2015-08-12 05:01,4539,4830,291
BR7-05133,2015-08-13 04:51,4458,4454,396
BR7-05133,2015-08-14 04:51,4496,4489,393
BR7-05133,2015-08-15 04:50,4847,4861,14
BR7-05133,2015-08-16 13:56,4384,4853,469
BR7-05133,2015-08-17 04:48,4711,4859,148
BR7-05133,2015-08-18 09:30,4486,4834,348
BR7-05133,2015-08-19 04:49,4596,4857,261
BR7-05133,2015-08-20 04:50,4558,4844,286
BR7-05133,2015-08-21 10:42,4461,4461,0
BR7-05133,2015-08-21 15:50,4345,4852,507
BR7-05133,2015-08-22 04:46,4777,4859,82
BR7-05133,2015-08-23 13:54,4457,4845,388
BR7-05133,2015-08-24 08:48,4709,4859,150
BR7-05133,2015-08-25 04:48,4754,4825,71
BR7-05133,2015-08-26 04:50,4587,4839,252
BR7-05133,2015-08-27 04:49,4669,4840,171
BR7-05134,2015-07-17 14:29,4851,4863,12
BR7-05134,2015-07-18 05:00,4812,4863,51
BR7-05134,2015-07-19 04:59,4770,4863,93
BR7-05134,2015-07-20 05:02,4765,4864,99
BR7-05134,2015-07-21 05:00,4766,4864,98
BR7-05134,2015-07-22 05:06,4767,4865,98
BR7-05134,2015-07-23 05:07,4743,4863,120
BR7-05134,2015-07-24 05:10,4727,4864,137
BR7-05134,2015-07-25 05:02,4753,4864,111
BR7-05134,2015-07-26 05:09,4719,4861,142
BR7-05134,2015-07-27 05:08,4730,4865,135
BR7-05134,2015-07-28 04:57,4743,4863,120
BR7-05134,2015-07-29 05:06,4702,4858,156
BR7-05134,2015-07-30 05:10,4697,4853,156
BR7-05134,2015-07-31 05:12,4681,4856,175
BR7-05134,2015-08-01 04:57,4663,4856,193
BR7-05134,2015-08-02 04:56,4657,4853,196
BR7-05134,2015-08-03 04:58,4612,4854,242
BR7-05134,2015-08-04 04:58,4578,4843,265
BR7-05134,2015-08-05 05:36,4574,4856,282
BR7-05134,2015-08-06 05:33,4599,4856,257
BR7-05134,2015-08-07 04:58,4535,4836,301
BR7-05134,2015-08-08 04:59,4450,4844,394
BR7-05134,2015-08-09 04:59,4438,4853,415
BR7-05134,2015-08-10 12:10,4213,4840,627
BR7-05134,2015-08-11 05:00,4602,4859,257
BR7-05134,2015-08-12 05:07,4444,4844,400
BR7-05134,2015-08-13 04:57,4393,4842,449
BR7-05134,2015-08-14 04:58,4357,4855,498
BR7-05134,2015-08-15 04:56,4404,4851,447
BR7-05134,2015-08-16 14:04,4196,4849,653
BR7-05134,2015-08-17 04:52,4678,4858,180
BR7-05134,2015-08-18 09:36,4429,4839,410
BR7-05134,2015-08-19 04:54,4561,4857,296
BR7-05134,2015-08-20 04:55,4534,4838,304
BR7-05134,2015-08-21 10:49,4343,4339,-4
BR7-05134,2015-08-21 15:58,4267,4835,568
BR7-05134,2015-08-22 04:51,4725,4852,127
BR7-05134,2015-08-23 14:01,4315,4832,517
BR7-05134,2015-08-24 08:53,4588,4854,266
BR7-05134,2015-08-25 04:53,4578,4850,272
BR7-05134,2015-08-26 04:55,4510,4851,341
BR7-05134,2015-08-27 04:55,4545,4858,313
BR7-E0001,2015-07-17 14:17,4368,4853,
BR7-E0001,2015-07-18 04:48,4805,4861,
BR7-E0001,2015-07-19 04:45,4781,4862,
BR7-E0001,2015-07-20 04:47,4777,4862,
BR7-E0001,2015-07-21 04:45,4783,4865,
BR7-E0001,2015-07-22 04:52,4788,4863,
BR7-E0001,2015-07-23 04:52,4780,4862,
BR7-E0001,2015-07-24 04:55,4781,4862,
BR7-E0001,2015-07-25 04:47,4803,4866,
BR7-E0001,2015-07-26 04:54,4784,4862,
BR7-E0001,2015-07-27 04:52,4801,4867,
BR7-E0001,2015-07-28 04:42,4787,4862,
BR7-E0001,2015-07-29 04:50,4787,4861,
BR7-E0001,2015-07-30 04:54,4791,4860,
BR7-E0001,2015-07-31 04:55,4789,4859,
BR7-E0001,2015-08-01 04:39,4790,4861,
BR7-E0001,2015-08-02 04:39,4802,4861,
BR7-E0001,2015-08-03 04:39,4786,4862,
BR7-E0001,2015-08-04 04:39,4790,4860,
BR7-E0001,2015-08-05 05:17,4779,4864,
BR7-E0001,2015-08-06 05:14,4763,4863,
BR7-E0001,2015-08-07 04:39,4790,4858,
BR7-E0001,2015-08-08 04:39,4786,4862,
BR7-E0001,2015-08-09 04:39,4791,4864,
BR7-E0001,2015-08-10 11:47,4782,4867,
BR7-E0001,2015-08-11 04:42,4820,4864,
BR7-E0001,2015-08-12 04:46,4777,4859,
BR7-E0001,2015-08-13 04:36,4793,4862,
BR7-E0001,2015-08-14 04:36,4808,4862,
BR7-E0001,2015-08-15 04:36,4809,4863,
BR7-E0001,2015-08-16 13:39,4727,4860,
BR7-E0001,2015-08-17 04:36,4823,4863,
BR7-E0001,2015-08-18 09:15,4735,4860,
BR7-E0001,2015-08-19 04:36,4801,4864,
BR7-E0001,2015-08-20 04:36,4807,4863,
BR7-E0001,2015-08-21 10:26,4797,4797,
BR7-E0001,2015-08-21 15:34,4781,4867,
BR7-E0001,2015-08-22 04:36,4842,4863,
BR7-E0001,2015-08-23 13:38,4769,4859,
BR7-E0001,2015-08-24 08:35,4805,4865,
BR7-E0001,2015-08-25 04:36,4807,4863,
BR7-E0001,2015-08-26 04:36,4820,4865,
BR7-E0001,2015-08-27 04:36,4797,4863,
BR7-E0002,2015-07-17 14:31,4368,4853,
BR7-E0002,2015-07-18 05:03,4805,4861,
BR7-E0002,2015-07-19 05:02,4781,4862,
BR7-E0002,2015-07-20 05:04,4777,4862,
BR7-E0002,2015-07-21 05:02,4783,4865,
BR7-E0002,2015-07-22 05:09,4788,4863,
BR7-E0002,2015-07-23 05:10,4780,4862,
BR7-E0002,2015-07-24 05:13,4781,4862,
BR7-E0002,2015-07-25 05:05,4803,4866,
BR7-E0002,2015-07-26 05:12,4784,4862,
BR7-E0002,2015-07-27 05:11,4801,4867,
BR7-E0002,2015-07-28 05:00,4787,4862,
BR7-E0002,2015-07-29 05:09,4787,4861,
BR7-E0002,2015-07-30 05:14,4791,4860,
BR7-E0002,2015-07-31 05:15,4789,4859,
BR7-E0002,2015-08-01 05:00,4790,4861,
BR7-E0002,2015-08-02 05:00,4802,4861,
BR7-E0002,2015-08-03 05:02,4786,4862,
BR7-E0002,2015-08-04 05:02,4790,4860,
BR7-E0002,2015-08-05 05:40,4779,4864,
BR7-E0002,2015-08-06 05:37,4763,4863,
BR7-E0002,2015-08-07 05:02,4790,4858,
BR7-E0002,2015-08-08 05:03,4786,4862,
BR7-E0002,2015-08-09 05:03,4791,4864,
BR7-E0002,2015-08-10 12:15,4782,4867,
BR7-E0002,2015-08-11 05:03,4820,4864,
BR7-E0002,2015-08-12 05:11,4777,4859,
BR7-E0002,2015-08-13 05:01,4793,4862,
BR7-E0002,2015-08-14 05:02,4808,4862,
BR7-E0002,2015-08-15 05:00,4809,4863,
BR7-E0002,2015-08-16 14:09,4727,4860,
BR7-E0002,2015-08-17 04:56,4823,4863,
BR7-E0002,2015-08-18 09:40,4735,4860,
BR7-E0002,2015-08-19 04:58,4801,4864,
BR7-E0002,2015-08-20 04:59,4807,4863,
BR7-E0002,2015-08-21 10:53,4797,4797,
BR7-E0002,2015-08-21 16:03,4781,4867,
BR7-E0002,2015-08-22 04:54,4842,4863,
BR7-E0002,2015-08-23 14:06,4769,4859,
BR7-E0002,2015-08-24 08:56,4805,4865,
BR7-E0002,2015-08-25 04:57,4807,4863,
BR7-E0002,2015-08-26 04:59,4820,4865,
BR7-E0002,2015-08-27 04:59,4797,4863,
